-167.2899445	0.006313092
-167.2068603	0.046404032
-167.1237762	0.086492676
-167.040692	0.126579021
-166.9576079	0.166663064
-166.8745237	0.206744802
-166.7914396	0.246824231
-166.7083554	0.286901349
-166.6252713	0.326976153
-166.5421871	0.367048639
-166.459103	0.407118805
-166.3760188	0.447186648
-166.2929346	0.487252164
-166.2098505	0.52731535
-166.1267663	0.567376203
-166.0436822	0.607434721
-165.960598	0.647490899
-165.8775139	0.687544736
-165.7944297	0.727596227
-165.7113456	0.76764537
-165.6282614	0.807692162
-165.5451773	0.847736599
-165.4620931	0.887778678
-165.379009	0.927818397
-165.2959248	0.967855752
-165.2128406	1.007890739
-165.1297565	1.047923357
-165.0466723	1.087953601
-164.9635882	1.127981468
-164.880504	1.168006956
-164.7974199	1.20803006
-164.7143357	1.248050779
-164.6312516	1.288069108
-164.5481674	1.328085045
-164.4650833	1.368098586
-164.3819991	1.408109729
-164.2989149	1.448118469
-164.2158308	1.488124804
-164.1327466	1.528128731
-164.0496625	1.568130246
-163.9665783	1.608129345
-163.8834942	1.648126027
-163.80041	1.688120287
-163.7173259	1.728112123
-163.6342417	1.768101531
-163.5511576	1.808088507
-163.4680734	1.848073049
-163.3849892	1.888055153
-163.3019051	1.928034817
-163.2188209	1.968012036
-163.1357368	2.007986807
-163.0526526	2.047959128
-162.9695685	2.087928995
-162.8864843	2.127896404
-162.8034002	2.167861352
-162.720316	2.207823837
-162.6372319	2.247783854
-162.5541477	2.2877414
-162.4710636	2.327696472
-162.3879794	2.367649067
-162.3048952	2.407599181
-162.2218111	2.447546811
-162.1387269	2.487491954
-162.0556428	2.527434606
-161.9725586	2.567374763
-161.8894745	2.607312423
-161.8063903	2.647247583
-161.7233062	2.687180238
-161.640222	2.727110385
-161.5571379	2.767038021
-161.4740537	2.806963143
-161.3909695	2.846885747
-161.3078854	2.88680583
-161.2248012	2.926723388
-161.1417171	2.966638418
-161.0586329	3.006550916
-160.9755488	3.046460879
-160.8924646	3.086368304
-160.8093805	3.126273187
-160.7262963	3.166175525
-160.6432122	3.206075314
-160.560128	3.24597255
-160.4770439	3.285867231
-160.3939597	3.325759353
-160.3108755	3.365648911
-160.2277914	3.405535904
-160.1447072	3.445420327
-160.0616231	3.485302177
-159.9785389	3.52518145
-159.8954548	3.565058143
-159.8123706	3.604932252
-159.7292865	3.644803774
-159.6462023	3.684672704
-159.5631182	3.724539041
-159.480034	3.76440278
-159.3969498	3.804263917
-159.3138657	3.844122449
-159.2307815	3.883978373
-159.1476974	3.923831684
-159.0646132	3.96368238
-158.9815291	4.003530457
-158.8984449	4.04337591
-158.8153608	4.083218737
-158.7322766	4.123058934
-158.6491925	4.162896497
-158.5661083	4.202731423
-158.4830242	4.242563708
-158.39994	4.282393348
-158.3168558	4.32222034
-158.2337717	4.362044681
-158.1506875	4.401866365
-158.0676034	4.441685391
-157.9845192	4.481501754
-157.9014351	4.52131545
-157.8183509	4.561126476
-157.7352668	4.600934828
-157.6521826	4.640740503
-157.5690985	4.680543496
-157.4860143	4.720343804
-157.4029301	4.760141424
-157.319846	4.799936352
-157.2367618	4.839728583
-157.1536777	4.879518115
-157.0705935	4.919304943
-156.9875094	4.959089063
-156.9044252	4.998870473
-156.8213411	5.038649168
-156.7382569	5.078425144
-156.6551728	5.118198399
-156.5720886	5.157968927
-156.4890045	5.197736725
-156.4059203	5.237501789
-156.3228361	5.277264116
-156.239752	5.317023702
-156.1566678	5.356780543
-156.0735837	5.396534635
-155.9904995	5.436285974
-155.9074154	5.476034557
-155.8243312	5.515780379
-155.7412471	5.555523437
-155.6581629	5.595263728
-155.5750788	5.635001246
-155.4919946	5.674735988
-155.4089104	5.714467951
-155.3258263	5.754197131
-155.2427421	5.793923523
-155.159658	5.833647123
-155.0765738	5.873367929
-154.9934897	5.913085935
-154.9104055	5.952801139
-154.8273214	5.992513536
-154.7442372	6.032223121
-154.6611531	6.071929893
-154.5780689	6.111633845
-154.4949847	6.151334975
-154.4119006	6.191033278
-154.3288164	6.23072875
-154.2457323	6.270421388
-154.1626481	6.310111188
-154.079564	6.349798145
-153.9964798	6.389482256
-153.9133957	6.429163516
-153.8303115	6.468841922
-153.7472274	6.508517469
-153.6641432	6.548190154
-153.5810591	6.587859972
-153.4979749	6.627526919
-153.4148907	6.667190993
-153.3318066	6.706852187
-153.2487224	6.746510499
-153.1656383	6.786165924
-153.0825541	6.825818458
-152.99947	6.865468097
-152.9163858	6.905114838
-152.8333017	6.944758675
-152.7502175	6.984399605
-152.6671334	7.024037624
-152.5840492	7.063672727
-152.500965	7.103304911
-152.4178809	7.142934172
-152.3347967	7.182560504
-152.2517126	7.222183905
-152.1686284	7.26180437
-152.0855443	7.301421894
-152.0024601	7.341036474
-151.919376	7.380648106
-151.8362918	7.420256784
-151.7532077	7.459862506
-151.6701235	7.499465267
-151.5870394	7.539065062
-151.5039552	7.578661888
-151.420871	7.61825574
-151.3377869	7.657846614
-151.2547027	7.697434506
-151.1716186	7.737019412
-151.0885344	7.776601326
-151.0054503	7.816180246
-150.9223661	7.855756167
-150.839282	7.895329084
-150.7561978	7.934898993
-150.6731137	7.97446589
-150.5900295	8.014029771
-150.5069453	8.053590632
-150.4238612	8.093148467
-150.340777	8.132703273
-150.2576929	8.172255045
-150.1746087	8.21180378
-150.0915246	8.251349472
-150.0084404	8.290892117
-149.9253563	8.330431711
-149.8422721	8.36996825
-149.759188	8.40950173
-149.6761038	8.449032145
-149.5930197	8.488559492
-149.5099355	8.528083765
-149.4268513	8.567604962
-149.3437672	8.607123076
-149.260683	8.646638105
-149.1775989	8.686150042
-149.0945147	8.725658885
-149.0114306	8.765164628
-148.9283464	8.804667268
-148.8452623	8.844166799
-148.7621781	8.883663217
-148.679094	8.923156517
-148.5960098	8.962646696
-148.5129256	9.002133749
-148.4298415	9.04161767
-148.3467573	9.081098456
-148.2636732	9.120576103
-148.180589	9.160050605
-148.0975049	9.199521957
-148.0144207	9.238990157
-147.9313366	9.278455198
-147.8482524	9.317917077
-147.7651683	9.357375788
-147.6820841	9.396831328
-147.5989999	9.436283691
-147.5159158	9.475732874
-147.4328316	9.51517887
-147.3497475	9.554621677
-147.2666633	9.594061289
-147.1835792	9.633497701
-147.100495	9.672930909
-147.0174109	9.712360909
-146.9343267	9.751787695
-146.8512426	9.791211263
-146.7681584	9.830631608
-146.6850743	9.870048726
-146.6019901	9.909462611
-146.5189059	9.94887326
-146.4358218	9.988280668
-146.3527376	10.02768483
-146.2696535	10.06708574
-146.1865693	10.10648339
-146.1034852	10.14587779
-146.020401	10.18526892
-145.9373169	10.22465677
-145.8542327	10.26404136
-145.7711486	10.30342266
-145.6880644	10.34280068
-145.6049802	10.38217541
-145.5218961	10.42154685
-145.4388119	10.46091499
-145.3557278	10.50027982
-145.2726436	10.53964135
-145.1895595	10.57899956
-145.1064753	10.61835446
-145.0233912	10.65770603
-144.940307	10.69705428
-144.8572229	10.73639919
-144.7741387	10.77574076
-144.6910546	10.81507899
-144.6079704	10.85441388
-144.5248862	10.89374541
-144.4418021	10.93307358
-144.3587179	10.9723984
-144.2756338	11.01171984
-144.1925496	11.05103791
-144.1094655	11.09035261
-144.0263813	11.12966392
-143.9432972	11.16897185
-143.860213	11.20827639
-143.7771289	11.24757752
-143.6940447	11.28687526
-143.6109605	11.32616959
-143.5278764	11.36546051
-143.4447922	11.40474801
-143.3617081	11.44403208
-143.2786239	11.48331273
-143.1955398	11.52258995
-143.1124556	11.56186373
-143.0293715	11.60113407
-142.9462873	11.64040096
-142.8632032	11.6796644
-142.780119	11.71892438
-142.6970349	11.7581809
-142.6139507	11.79743395
-142.5308665	11.83668353
-142.4477824	11.87592963
-142.3646982	11.91517224
-142.2816141	11.95441137
-142.1985299	11.993647
-142.1154458	12.03287913
-142.0323616	12.07210776
-141.9492775	12.11133288
-141.8661933	12.15055449
-141.7831092	12.18977258
-141.700025	12.22898714
-141.6169408	12.26819817
-141.5338567	12.30740566
-141.4507725	12.34660961
-141.3676884	12.38581002
-141.2846042	12.42500688
-141.2015201	12.46420018
-141.1184359	12.50338991
-141.0353518	12.54257608
-140.9522676	12.58175868
-140.8691835	12.6209377
-140.7860993	12.66011314
-140.7030152	12.69928498
-140.619931	12.73845324
-140.5368468	12.77761789
-140.4537627	12.81677894
-140.3706785	12.85593638
-140.2875944	12.8950902
-140.2045102	12.9342404
-140.1214261	12.97338697
-140.0383419	13.01252992
-139.9552578	13.05166922
-139.8721736	13.09080488
-139.7890895	13.1299369
-139.7060053	13.16906526
-139.6229211	13.20818996
-139.539837	13.24731099
-139.4567528	13.28642836
-139.3736687	13.32554204
-139.2905845	13.36465205
-139.2075004	13.40375837
-139.1244162	13.442861
-139.0413321	13.48195993
-138.9582479	13.52105515
-138.8751638	13.56014667
-138.7920796	13.59923447
-138.7089954	13.63831855
-138.6259113	13.67739891
-138.5428271	13.71647553
-138.459743	13.75554841
-138.3766588	13.79461756
-138.2935747	13.83368295
-138.2104905	13.87274459
-138.1274064	13.91180247
-138.0443222	13.95085658
-137.9612381	13.98990692
-137.8781539	14.02895348
-137.7950698	14.06799626
-137.7119856	14.10703526
-137.6289014	14.14607045
-137.5458173	14.18510185
-137.4627331	14.22412944
-137.379649	14.26315322
-137.2965648	14.30217318
-137.2134807	14.34118932
-137.1303965	14.38020163
-137.0473124	14.4192101
-136.9642282	14.45821473
-136.8811441	14.49721552
-136.7980599	14.53621245
-136.7149757	14.57520552
-136.6318916	14.61419473
-136.5488074	14.65318007
-136.4657233	14.69216154
-136.3826391	14.73113912
-136.299555	14.77011281
-136.2164708	14.80908261
-136.1333867	14.84804851
-136.0503025	14.8870105
-135.9672184	14.92596858
-135.8841342	14.96492274
-135.8010501	15.00387298
-135.7179659	15.04281928
-135.6348817	15.08176166
-135.5517976	15.12070009
-135.4687134	15.15963457
-135.3856293	15.19856509
-135.3025451	15.23749166
-135.219461	15.27641426
-135.1363768	15.31533289
-135.0532927	15.35424754
-134.9702085	15.3931582
-134.8871244	15.43206488
-134.8040402	15.47096755
-134.720956	15.50986623
-134.6378719	15.54876089
-134.5547877	15.58765154
-134.4717036	15.62653817
-134.3886194	15.66542077
-134.3055353	15.70429933
-134.2224511	15.74317385
-134.139367	15.78204433
-134.0562828	15.82091076
-133.9731987	15.85977312
-133.8901145	15.89863142
-133.8070304	15.93748565
-133.7239462	15.9763358
-133.640862	16.01518187
-133.5577779	16.05402384
-133.4746937	16.09286172
-133.3916096	16.13169549
-133.3085254	16.17052516
-133.2254413	16.20935071
-133.1423571	16.24817213
-133.059273	16.28698943
-132.9761888	16.32580259
-132.8931047	16.36461161
-132.8100205	16.40341649
-132.7269363	16.4422172
-132.6438522	16.48101376
-132.560768	16.51980615
-132.4776839	16.55859436
-132.3945997	16.59737839
-132.3115156	16.63615824
-132.2284314	16.67493389
-132.1453473	16.71370534
-132.0622631	16.75247259
-131.979179	16.79123562
-131.8960948	16.82999443
-131.8130107	16.86874902
-131.7299265	16.90749937
-131.6468423	16.94624548
-131.5637582	16.98498735
-131.480674	17.02372496
-131.3975899	17.06245832
-131.3145057	17.1011874
-131.2314216	17.13991222
-131.1483374	17.17863275
-131.0652533	17.217349
-130.9821691	17.25606095
-130.899085	17.29476861
-130.8160008	17.33347195
-130.7329166	17.37217099
-130.6498325	17.4108657
-130.5667483	17.44955609
-130.4836642	17.48824214
-130.40058	17.52692385
-130.3174959	17.56560121
-130.2344117	17.60427422
-130.1513276	17.64294287
-130.0682434	17.68160715
-129.9851593	17.72026706
-129.9020751	17.75892258
-129.8189909	17.79757371
-129.7359068	17.83622045
-129.6528226	17.87486279
-129.5697385	17.91350071
-129.4866543	17.95213422
-129.4035702	17.99076331
-129.320486	18.02938796
-129.2374019	18.06800818
-129.1543177	18.10662395
-129.0712336	18.14523527
-128.9881494	18.18384213
-128.9050653	18.22244453
-128.8219811	18.26104245
-128.7388969	18.29963589
-128.6558128	18.33822484
-128.5727286	18.3768093
-128.4896445	18.41538926
-128.4065603	18.45396471
-128.3234762	18.49253565
-128.240392	18.53110206
-128.1573079	18.56966394
-128.0742237	18.60822129
-127.9911396	18.64677408
-127.9080554	18.68532233
-127.8249712	18.72386602
-127.7418871	18.76240514
-127.6588029	18.80093969
-127.5757188	18.83946966
-127.4926346	18.87799503
-127.4095505	18.91651582
-127.3264663	18.955032
-127.2433822	18.99354357
-127.160298	19.03205052
-127.0772139	19.07055284
-126.9941297	19.10905054
-126.9110456	19.14754359
-126.8279614	19.186032
-126.7448772	19.22451575
-126.6617931	19.26299484
-126.5787089	19.30146926
-126.4956248	19.339939
-126.4125406	19.37840405
-126.3294565	19.41686442
-126.2463723	19.45532008
-126.1632882	19.49377104
-126.080204	19.53221728
-125.9971199	19.5706588
-125.9140357	19.60909559
-125.8309515	19.64752764
-125.7478674	19.68595495
-125.6647832	19.7243775
-125.5816991	19.76279529
-125.4986149	19.80120832
-125.4155308	19.83961656
-125.3324466	19.87802003
-125.2493625	19.9164187
-125.1662783	19.95481257
-125.0831942	19.99320163
-125.00011	20.03158588
-124.9170259	20.06996531
-124.8339417	20.10833991
-124.7508575	20.14670967
-124.6677734	20.18507458
-124.5846892	20.22343464
-124.5016051	20.26178984
-124.4185209	20.30014016
-124.3354368	20.33848561
-124.2523526	20.37682617
-124.1692685	20.41516184
-124.0861843	20.45349261
-124.0031002	20.49181847
-123.920016	20.53013941
-123.8369318	20.56845543
-123.7538477	20.60676651
-123.6707635	20.64507265
-123.5876794	20.68337385
-123.5045952	20.72167008
-123.4215111	20.75996135
-123.3384269	20.79824764
-123.2553428	20.83652896
-123.1722586	20.87480528
-123.0891745	20.9130766
-123.0060903	20.95134292
-122.9230062	20.98960422
-122.839922	21.02786051
-122.7568378	21.06611176
-122.6737537	21.10435797
-122.5906695	21.14259913
-122.5075854	21.18083524
-122.4245012	21.21906628
-122.3414171	21.25729225
-122.2583329	21.29551314
-122.1752488	21.33372895
-122.0921646	21.37193965
-122.0090805	21.41014525
-121.9259963	21.44834574
-121.8429121	21.4865411
-121.759828	21.52473133
-121.6767438	21.56291642
-121.5936597	21.60109637
-121.5105755	21.63927116
-121.4274914	21.67744078
-121.3444072	21.71560523
-121.2613231	21.7537645
-121.1782389	21.79191858
-121.0951548	21.83006746
-121.0120706	21.86821113
-120.9289864	21.90634959
-120.8459023	21.94448282
-120.7628181	21.98261082
-120.679734	22.02073358
-120.5966498	22.05885109
-120.5135657	22.09696333
-120.4304815	22.13507031
-120.3473974	22.17317201
-120.2643132	22.21126843
-120.1812291	22.24935956
-120.0981449	22.28744538
-120.0150608	22.32552588
-119.9319766	22.36360107
-119.8488924	22.40167093
-119.7658083	22.43973545
-119.6827241	22.47779463
-119.59964	22.51584844
-119.5165558	22.5538969
-119.4334717	22.59193997
-119.3503875	22.62997767
-119.2673034	22.66800997
-119.1842192	22.70603688
-119.1011351	22.74405837
-119.0180509	22.78207445
-118.9349667	22.8200851
-118.8518826	22.85809031
-118.7687984	22.89609007
-118.6857143	22.93408438
-118.6026301	22.97207323
-118.519546	23.0100566
-118.4364618	23.04803449
-118.3533777	23.08600689
-118.2702935	23.12397379
-118.1872094	23.16193518
-118.1041252	23.19989105
-118.0210411	23.23784139
-117.9379569	23.2757862
-117.8548727	23.31372546
-117.7717886	23.35165916
-117.6887044	23.38958729
-117.6056203	23.42750985
-117.5225361	23.46542683
-117.439452	23.50333821
-117.3563678	23.541244
-117.2732837	23.57914416
-117.1901995	23.61703871
-117.1071154	23.65492762
-117.0240312	23.6928109
-116.940947	23.73068852
-116.8578629	23.76856049
-116.7747787	23.80642678
-116.6916946	23.8442874
-116.6086104	23.88214233
-116.5255263	23.91999156
-116.4424421	23.95783508
-116.359358	23.99567289
-116.2762738	24.03350496
-116.1931897	24.07133131
-116.1101055	24.1091519
-116.0270214	24.14696674
-115.9439372	24.18477581
-115.860853	24.22257911
-115.7777689	24.26037663
-115.6946847	24.29816834
-115.6116006	24.33595426
-115.5285164	24.37373435
-115.4454323	24.41150863
-115.3623481	24.44927707
-115.279264	24.48703966
-115.1961798	24.5247964
-115.1130957	24.56254728
-115.0300115	24.60029228
-114.9469273	24.6380314
-114.8638432	24.67576462
-114.780759	24.71349194
-114.6976749	24.75121335
-114.6145907	24.78892883
-114.5315066	24.82663837
-114.4484224	24.86434198
-114.3653383	24.90203962
-114.2822541	24.93973131
-114.19917	24.97741701
-114.1160858	25.01509673
-114.0330017	25.05277046
-113.9499175	25.09043818
-113.8668333	25.12809989
-113.7837492	25.16575557
-113.700665	25.20340521
-113.6175809	25.2410488
-113.5344967	25.27868634
-113.4514126	25.31631781
-113.3683284	25.3539432
-113.2852443	25.39156251
-113.2021601	25.42917571
-113.119076	25.46678281
-113.0359918	25.50438378
-112.9529076	25.54197863
-112.8698235	25.57956733
-112.7867393	25.61714988
-112.7036552	25.65472628
-112.620571	25.69229649
-112.5374869	25.72986053
-112.4544027	25.76741837
-112.3713186	25.80497001
-112.2882344	25.84251543
-112.2051503	25.88005462
-112.1220661	25.91758758
-112.0389819	25.95511429
-111.9558978	25.99263475
-111.8728136	26.03014893
-111.7897295	26.06765684
-111.7066453	26.10515845
-111.6235612	26.14265376
-111.540477	26.18014276
-111.4573929	26.21762544
-111.3743087	26.25510178
-111.2912246	26.29257178
-111.2081404	26.33003542
-111.1250563	26.36749269
-111.0419721	26.40494359
-110.9588879	26.44238809
-110.8758038	26.4798262
-110.7927196	26.51725789
-110.7096355	26.55468316
-110.6265513	26.592102
-110.5434672	26.62951439
-110.460383	26.66692033
-110.3772989	26.70431979
-110.2942147	26.74171278
-110.2111306	26.77909928
-110.1280464	26.81647928
-110.0449622	26.85385277
-109.9618781	26.89121973
-109.8787939	26.92858016
-109.7957098	26.96593404
-109.7126256	27.00328136
-109.6295415	27.04062211
-109.5464573	27.07795628
-109.4633732	27.11528386
-109.380289	27.15260483
-109.2972049	27.18991919
-109.2141207	27.22722692
-109.1310366	27.26452802
-109.0479524	27.30182246
-108.9648682	27.33911024
-108.8817841	27.37639135
-108.7986999	27.41366577
-108.7156158	27.45093349
-108.6325316	27.48819451
-108.5494475	27.5254488
-108.4663633	27.56269636
-108.3832792	27.59993718
-108.300195	27.63717124
-108.2171109	27.67439854
-108.1340267	27.71161905
-108.0509425	27.74883277
-107.9678584	27.78603969
-107.8847742	27.82323979
-107.8016901	27.86043307
-107.7186059	27.8976195
-107.6355218	27.93479909
-107.5524376	27.97197181
-107.4693535	28.00913765
-107.3862693	28.0462966
-107.3031852	28.08344866
-107.220101	28.1205938
-107.1370169	28.15773202
-107.0539327	28.1948633
-106.9708485	28.23198763
-106.8877644	28.269105
-106.8046802	28.3062154
-106.7215961	28.34331881
-106.6385119	28.38041522
-106.5554278	28.41750462
-106.4723436	28.454587
-106.3892595	28.49166234
-106.3061753	28.52873063
-106.2230912	28.56579187
-106.140007	28.60284603
-106.0569228	28.6398931
-105.9738387	28.67693307
-105.8907545	28.71396594
-105.8076704	28.75099168
-105.7245862	28.78801028
-105.6415021	28.82502174
-105.5584179	28.86202603
-105.4753338	28.89902315
-105.3922496	28.93601308
-105.3091655	28.97299581
-105.2260813	29.00997133
-105.1429971	29.04693962
-105.059913	29.08390067
-104.9768288	29.12085447
-104.8937447	29.15780101
-104.8106605	29.19474027
-104.7275764	29.23167224
-104.6444922	29.2685969
-104.5614081	29.30551425
-104.4783239	29.34242427
-104.3952398	29.37932695
-104.3121556	29.41622227
-104.2290715	29.45311022
-104.1459873	29.48999079
-104.0629031	29.52686396
-103.979819	29.56372972
-103.8967348	29.60058806
-103.8136507	29.63743897
-103.7305665	29.67428242
-103.6474824	29.71111842
-103.5643982	29.74794694
-103.4813141	29.78476797
-103.3982299	29.82158149
-103.3151458	29.8583875
-103.2320616	29.89518598
-103.1489774	29.93197692
-103.0658933	29.9687603
-102.9828091	30.00553611
-102.899725	30.04230434
-102.8166408	30.07906497
-102.7335567	30.11581799
-102.6504725	30.15256338
-102.5673884	30.18930113
-102.4843042	30.22603123
-102.4012201	30.26275366
-102.3181359	30.29946842
-102.2350518	30.33617548
-102.1519676	30.37287483
-102.0688834	30.40956646
-101.9857993	30.44625035
-101.9027151	30.48292649
-101.819631	30.51959487
-101.7365468	30.55625547
-101.6534627	30.59290827
-101.5703785	30.62955327
-101.4872944	30.66619045
-101.4042102	30.7028198
-101.3211261	30.73944129
-101.2380419	30.77605493
-101.1549577	30.81266068
-101.0718736	30.84925854
-100.9887894	30.8858485
-100.9057053	30.92243053
-100.8226211	30.95900463
-100.739537	30.99557078
-100.6564528	31.03212897
-100.5733687	31.06867918
-100.4902845	31.10522139
-100.4072004	31.1417556
-100.3241162	31.17828178
-100.2410321	31.21479993
-100.1579479	31.25131002
-100.0748637	31.28781205
-99.99177959	31.324306
-99.90869543	31.36079185
-99.82561128	31.39726959
-99.74252713	31.43373921
-99.65944297	31.47020068
-99.57635882	31.506654
-99.49327466	31.54309915
-99.41019051	31.57953611
-99.32710636	31.61596488
-99.2440222	31.65238542
-99.16093805	31.68879774
-99.07785389	31.72520181
-98.99476974	31.76159762
-98.91168558	31.79798516
-98.82860143	31.8343644
-98.74551728	31.87073534
-98.66243312	31.90709796
-98.57934897	31.94345224
-98.49626481	31.97979816
-98.41318066	32.01613572
-98.3300965	32.0524649
-98.24701235	32.08878568
-98.1639282	32.12509804
-98.08084404	32.16140198
-97.99775989	32.19769746
-97.91467573	32.23398449
-97.83159158	32.27026305
-97.74850743	32.30653311
-97.66542327	32.34279466
-97.58233912	32.37904769
-97.49925496	32.41529218
-97.41617081	32.45152812
-97.33308665	32.48775548
-97.2500025	32.52397426
-97.16691835	32.56018444
-97.08383419	32.59638599
-97.00075004	32.63257892
-96.91766588	32.66876319
-96.83458173	32.7049388
-96.75149757	32.74110572
-96.66841342	32.77726395
-96.58532927	32.81341346
-96.50224511	32.84955424
-96.41916096	32.88568627
-96.3360768	32.92180954
-96.25299265	32.95792403
-96.1699085	32.99402972
-96.08682434	33.0301266
-96.00374019	33.06621466
-95.92065603	33.10229386
-95.83757188	33.13836421
-95.75448772	33.17442568
-95.67140357	33.21047825
-95.58831942	33.24652191
-95.50523526	33.28255664
-95.42215111	33.31858243
-95.33906695	33.35459926
-95.2559828	33.39060711
-95.17289864	33.42660596
-95.08981449	33.4625958
-95.00673034	33.49857662
-94.92364618	33.53454839
-94.84056203	33.57051109
-94.75747787	33.60646472
-94.67439372	33.64240925
-94.59130957	33.67834466
-94.50822541	33.71427095
-94.42514126	33.75018809
-94.3420571	33.78609606
-94.25897295	33.82199486
-94.17588879	33.85788445
-94.09280464	33.89376482
-94.00972049	33.92963597
-93.92663633	33.96549786
-93.84355218	34.00135048
-93.76046802	34.03719382
-93.67738387	34.07302785
-93.59429971	34.10885257
-93.51121556	34.14466794
-93.42813141	34.18047396
-93.34504725	34.2162706
-93.2619631	34.25205786
-93.17887894	34.2878357
-93.09579479	34.32360412
-93.01271064	34.35936309
-92.92962648	34.3951126
-92.84654233	34.43085263
-92.76345817	34.46658316
-92.68037402	34.50230418
-92.59728986	34.53801566
-92.51420571	34.57371759
-92.43112156	34.60940995
-92.3480374	34.64509272
-92.26495325	34.68076589
-92.18186909	34.71642943
-92.09878494	34.75208333
-92.01570079	34.78772756
-91.93261663	34.82336212
-91.84953248	34.85898698
-91.76644832	34.89460212
-91.68336417	34.93020753
-91.60028001	34.96580319
-91.51719586	35.00138907
-91.43411171	35.03696517
-91.35102755	35.07253145
-91.2679434	35.10808791
-91.18485924	35.14363452
-91.10177509	35.17917127
-91.01869093	35.21469813
-90.93560678	35.25021509
-90.85252263	35.28572213
-90.76943847	35.32121923
-90.68635432	35.35670637
-90.60327016	35.39218353
-90.52018601	35.4276507
-90.43710186	35.46310784
-90.3540177	35.49855496
-90.27093355	35.53399202
-90.18784939	35.569419
-90.10476524	35.60483589
-90.02168108	35.64024267
-89.93859693	35.67563932
-89.85551278	35.71102582
-89.77242862	35.74640215
-89.68934447	35.78176828
-89.60626031	35.81712421
-89.52317616	35.85246991
-89.440092	35.88780536
-89.35700785	35.92313055
-89.2739237	35.95844544
-89.19083954	35.99375003
-89.10775539	36.02904429
-89.02467123	36.0643282
-88.94158708	36.09960175
-88.85850293	36.13486491
-88.77541877	36.17011766
-88.69233462	36.20535998
-88.60925046	36.24059186
-88.52616631	36.27581327
-88.44308215	36.3110242
-88.359998	36.34622462
-88.27691385	36.3814145
-88.19382969	36.41659385
-88.11074554	36.45176262
-88.02766138	36.48692081
-87.94457723	36.52206838
-87.86149307	36.55720533
-87.77840892	36.59233163
-87.69532477	36.62744725
-87.61224061	36.66255219
-87.52915646	36.69764641
-87.4460723	36.73272991
-87.36298815	36.76780264
-87.279904	36.80286461
-87.19681984	36.83791578
-87.11373569	36.87295613
-87.03065153	36.90798565
-86.94756738	36.94300431
-86.86448322	36.9780121
-86.78139907	37.01300898
-86.69831492	37.04799494
-86.61523076	37.08296996
-86.53214661	37.11793402
-86.44906245	37.15288709
-86.3659783	37.18782916
-86.28289414	37.2227602
-86.19980999	37.25768019
-86.11672584	37.29258911
-86.03364168	37.32748694
-85.95055753	37.36237366
-85.86747337	37.39724925
-85.78438922	37.43211367
-85.70130507	37.46696692
-85.61822091	37.50180897
-85.53513676	37.5366398
-85.4520526	37.57145939
-85.36896845	37.60626771
-85.28588429	37.64106474
-85.20280014	37.67585046
-85.11971599	37.71062486
-85.03663183	37.74538789
-84.95354768	37.78013956
-84.87046352	37.81487983
-84.78737937	37.84960867
-84.70429521	37.88432608
-84.62121106	37.91903202
-84.53812691	37.95372647
-84.45504275	37.98840941
-84.3719586	38.02308083
-84.28887444	38.05774068
-84.20579029	38.09238896
-84.12270614	38.12702565
-84.03962198	38.1616507
-83.95653783	38.19626412
-83.87345367	38.23086586
-83.79036952	38.26545592
-83.70728536	38.30003426
-83.62420121	38.33460086
-83.54111706	38.36915571
-83.4580329	38.40369877
-83.37494875	38.43823002
-83.29186459	38.47274945
-83.20878044	38.50725703
-83.12569628	38.54175272
-83.04261213	38.57623652
-82.95952798	38.6107084
-82.87644382	38.64516833
-82.79335967	38.6796163
-82.71027551	38.71405227
-82.62719136	38.74847622
-82.54410721	38.78288813
-82.46102305	38.81728798
-82.3779389	38.85167574
-82.29485474	38.88605139
-82.21177059	38.92041491
-82.12868643	38.95476627
-82.04560228	38.98910544
-81.96251813	39.0234324
-81.87943397	39.05774714
-81.79634982	39.09204962
-81.71326566	39.12633982
-81.63018151	39.16061771
-81.54709735	39.19488328
-81.4640132	39.22913649
-81.38092905	39.26337733
-81.29784489	39.29760577
-81.21476074	39.33182178
-81.13167658	39.36602534
-81.04859243	39.40021642
-80.96550828	39.434395
-80.88242412	39.46856106
-80.79933997	39.50271457
-80.71625581	39.53685551
-80.63317166	39.57098385
-80.5500875	39.60509956
-80.46700335	39.63920262
-80.3839192	39.67329301
-80.30083504	39.7073707
-80.21775089	39.74143566
-80.13466673	39.77548787
-80.05158258	39.80952731
-79.96849842	39.84355395
-79.88541427	39.87756776
-79.80233012	39.91156872
-79.71924596	39.9455568
-79.63616181	39.97953198
-79.55307765	40.01349423
-79.4699935	40.04744353
-79.38690935	40.08137985
-79.30382519	40.11530316
-79.22074104	40.14921344
-79.13765688	40.18311066
-79.05457273	40.21699479
-78.97148857	40.25086582
-78.88840442	40.28472371
-78.80532027	40.31856844
-78.72223611	40.35239998
-78.63915196	40.3862183
-78.5560678	40.42002339
-78.47298365	40.4538152
-78.38989949	40.48759373
-78.30681534	40.52135893
-78.22373119	40.55511078
-78.14064703	40.58884926
-78.05756288	40.62257434
-77.97447872	40.65628599
-77.89139457	40.68998419
-77.80831042	40.72366891
-77.72522626	40.75734011
-77.64214211	40.79099778
-77.55905795	40.82464189
-77.4759738	40.85827241
-77.39288964	40.89188932
-77.30980549	40.92549257
-77.22672134	40.95908216
-77.14363718	40.99265805
-77.06055303	41.02622021
-76.97746887	41.05976862
-76.89438472	41.09330324
-76.81130057	41.12682406
-76.72821641	41.16033104
-76.64513226	41.19382415
-76.5620481	41.22730337
-76.47896395	41.26076867
-76.39587979	41.29422002
-76.31279564	41.3276574
-76.22971149	41.36108077
-76.14662733	41.39449011
-76.06354318	41.42788539
-75.98045902	41.46126657
-75.89737487	41.49463364
-75.81429071	41.52798656
-75.73120656	41.56132531
-75.64812241	41.59464986
-75.56503825	41.62796017
-75.4819541	41.66125622
-75.39886994	41.69453799
-75.31578579	41.72780543
-75.23270164	41.76105853
-75.14961748	41.79429725
-75.06653333	41.82752157
-74.98344917	41.86073145
-74.90036502	41.89392687
-74.81728086	41.9271078
-74.73419671	41.9602742
-74.65111256	41.99342606
-74.5680284	42.02656333
-74.48494425	42.05968599
-74.40186009	42.09279402
-74.31877594	42.12588737
-74.23569178	42.15896603
-74.15260763	42.19202995
-74.06952348	42.22507912
-73.98643932	42.2581135
-73.90335517	42.29113307
-73.82027101	42.32413778
-73.73718686	42.35712762
-73.65410271	42.39010255
-73.57101855	42.42306254
-73.4879344	42.45600756
-73.40485024	42.48893758
-73.32176609	42.52185257
-73.23868193	42.5547525
-73.15559778	42.58763734
-73.07251363	42.62050706
-72.98942947	42.65336163
-72.90634532	42.68620101
-72.82326116	42.71902518
-72.74017701	42.75183411
-72.65709285	42.78462776
-72.5740087	42.81740611
-72.49092455	42.85016911
-72.40784039	42.88291675
-72.32475624	42.91564899
-72.24167208	42.9483658
-72.15858793	42.98106714
-72.07550378	43.01375299
-71.99241962	43.04642332
-71.90933547	43.07907808
-71.82625131	43.11171726
-71.74316716	43.14434082
-71.660083	43.17694873
-71.57699885	43.20954095
-71.4939147	43.24211745
-71.41083054	43.27467821
-71.32774639	43.30722318
-71.24466223	43.33975234
-71.16157808	43.37226566
-71.07849392	43.4047631
-70.99540977	43.43724463
-70.91232562	43.46971022
-70.82924146	43.50215984
-70.74615731	43.53459345
-70.66307315	43.56701101
-70.579989	43.59941251
-70.49690485	43.6317979
-70.41382069	43.66416715
-70.33073654	43.69652023
-70.24765238	43.72885711
-70.16456823	43.76117774
-70.08148407	43.79348211
-69.99839992	43.82577018
-69.91531577	43.8580419
-69.83223161	43.89029726
-69.74914746	43.92253621
-69.6660633	43.95475873
-69.58297915	43.98696477
-69.49989499	44.01915431
-69.41681084	44.05132731
-69.33372669	44.08348374
-69.25064253	44.11562356
-69.16755838	44.14774674
-69.08447422	44.17985325
-69.00139007	44.21194304
-68.91830592	44.2440161
-68.83522176	44.27607237
-68.75213761	44.30811184
-68.66905345	44.34013446
-68.5859693	44.3721402
-68.50288514	44.40412902
-68.41980099	44.4361009
-68.33671684	44.46805578
-68.25363268	44.49999365
-68.17054853	44.53191447
-68.08746437	44.56381819
-68.00438022	44.5957048
-67.92129606	44.62757424
-67.83821191	44.65942648
-67.75512776	44.6912615
-67.6720436	44.72307925
-67.58895945	44.7548797
-67.50587529	44.78666281
-67.42279114	44.81842856
-67.33970699	44.85017689
-67.25662283	44.88190778
-67.17353868	44.91362119
-67.09045452	44.94531709
-67.00737037	44.97699543
-66.92428621	45.00865619
-66.84120206	45.04029932
-66.75811791	45.07192479
-66.67503375	45.10353257
-66.5919496	45.13512261
-66.50886544	45.16669489
-66.42578129	45.19824936
-66.34269713	45.22978599
-66.25961298	45.26130473
-66.17652883	45.29280557
-66.09344467	45.32428845
-66.01036052	45.35575334
-65.92727636	45.3872002
-65.84419221	45.418629
-65.76110806	45.4500397
-65.6780239	45.48143226
-65.59493975	45.51280665
-65.51185559	45.54416282
-65.42877144	45.57550074
-65.34568728	45.60682038
-65.26260313	45.63812169
-65.17951898	45.66940463
-65.09643482	45.70066918
-65.01335067	45.73191528
-64.93026651	45.76314291
-64.84718236	45.79435202
-64.7640982	45.82554258
-64.68101405	45.85671454
-64.5979299	45.88786788
-64.51484574	45.91900255
-64.43176159	45.95011851
-64.34867743	45.98121572
-64.26559328	46.01229415
-64.18250913	46.04335376
-64.09942497	46.0743945
-64.01634082	46.10541635
-63.93325666	46.13641925
-63.85017251	46.16740318
-63.76708835	46.19836809
-63.6840042	46.22931394
-63.60092005	46.26024069
-63.51783589	46.29114831
-63.43475174	46.32203675
-63.35166758	46.35290597
-63.26858343	46.38375594
-63.18549927	46.41458662
-63.10241512	46.44539796
-63.01933097	46.47618993
-62.93624681	46.50696248
-62.85316266	46.53771558
-62.7700785	46.56844919
-62.68699435	46.59916326
-62.6039102	46.62985775
-62.52082604	46.66053263
-62.43774189	46.69118785
-62.35465773	46.72182338
-62.27157358	46.75243916
-62.18848942	46.78303517
-62.10540527	46.81361136
-62.02232112	46.84416769
-61.93923696	46.87470412
-61.85615281	46.90522061
-61.77306865	46.93571711
-61.6899845	46.96619359
-61.60690035	46.99665
-61.52381619	47.0270863
-61.44073204	47.05750246
-61.35764788	47.08789842
-61.27456373	47.11827415
-61.19147957	47.14862961
-61.10839542	47.17896475
-61.02531127	47.20927953
-60.94222711	47.23957391
-60.85914296	47.26984785
-60.7760588	47.3001013
-60.69297465	47.33033423
-60.60989049	47.36054659
-60.52680634	47.39073833
-60.44372219	47.42090942
-60.36063803	47.45105982
-60.27755388	47.48118947
-60.19446972	47.51129834
-60.11138557	47.54138638
-60.02830142	47.57145356
-59.94521726	47.60149982
-59.86213311	47.63152512
-59.77904895	47.66152943
-59.6959648	47.6915127
-59.61288064	47.72147488
-59.52979649	47.75141593
-59.44671234	47.7813358
-59.36362818	47.81123447
-59.28054403	47.84111187
-59.19745987	47.87096796
-59.11437572	47.90080271
-59.03129156	47.93061606
-58.94820741	47.96040798
-58.86512326	47.99017842
-58.7820391	48.01992733
-58.69895495	48.04965467
-58.61587079	48.0793604
-58.53278664	48.10904446
-58.44970249	48.13870683
-58.36661833	48.16834744
-58.28353418	48.19796626
-58.20045002	48.22756324
-58.11736587	48.25713834
-58.03428171	48.28669151
-57.95119756	48.3162227
-57.86811341	48.34573187
-57.78502925	48.37521898
-57.7019451	48.40468398
-57.61886094	48.43412682
-57.53577679	48.46354746
-57.45269263	48.49294585
-57.36960848	48.52232195
-57.28652433	48.5516757
-57.20344017	48.58100707
-57.12035602	48.61031601
-57.03727186	48.63960247
-56.95418771	48.6688664
-56.87110356	48.69810777
-56.7880194	48.72732651
-56.70493525	48.75652259
-56.62185109	48.78569596
-56.53876694	48.81484657
-56.45568278	48.84397437
-56.37259863	48.87307932
-56.28951448	48.90216137
-56.20643032	48.93122048
-56.12334617	48.96025659
-56.04026201	48.98926966
-55.95717786	49.01825964
-55.8740937	49.04722648
-55.79100955	49.07617014
-55.7079254	49.10509056
-55.62484124	49.13398771
-55.54175709	49.16286153
-55.45867293	49.19171197
-55.37558878	49.22053899
-55.29250463	49.24934254
-55.20942047	49.27812256
-55.12633632	49.30687902
-55.04325216	49.33561186
-54.96016801	49.36432103
-54.87708385	49.39300648
-54.7939997	49.42166818
-54.71091555	49.45030606
-54.62783139	49.47892008
-54.54474724	49.50751018
-54.46166308	49.53607633
-54.37857893	49.56461847
-54.29549477	49.59313655
-54.21241062	49.62163052
-54.12932647	49.65010034
-54.04624231	49.67854594
-53.96315816	49.70696729
-53.880074	49.73536433
-53.79698985	49.76373702
-53.7139057	49.7920853
-53.63082154	49.82040912
-53.54773739	49.84870844
-53.46465323	49.87698319
-53.38156908	49.90523334
-53.29848492	49.93345884
-53.21540077	49.96165962
-53.13231662	49.98983564
-53.04923246	50.01798685
-52.96614831	50.0461132
-52.88306415	50.07421464
-52.79998	50.10229112
-52.71689584	50.13034258
-52.63381169	50.15836898
-52.55072754	50.18637025
-52.46764338	50.21434636
-52.38455923	50.24229725
-52.30147507	50.27022287
-52.21839092	50.29812317
-52.13530677	50.32599809
-52.05222261	50.35384758
-51.96913846	50.3816716
-51.8860543	50.40947008
-51.80297015	50.43724298
-51.71988599	50.46499024
-51.63680184	50.49271182
-51.55371769	50.52040766
-51.47063353	50.5480777
-51.38754938	50.5757219
-51.30446522	50.6033402
-51.22138107	50.63093254
-51.13829691	50.65849889
-51.05521276	50.68603917
-50.97212861	50.71355335
-50.88904445	50.74104136
-50.8059603	50.76850316
-50.72287614	50.79593868
-50.63979199	50.82334789
-50.55670784	50.85073071
-50.47362368	50.8780871
-50.39053953	50.90541701
-50.30745537	50.93272038
-50.22437122	50.95999716
-50.14128706	50.98724729
-50.05820291	51.01447072
-49.97511876	51.0416674
-49.8920346	51.06883726
-49.80895045	51.09598026
-49.72586629	51.12309635
-49.64278214	51.15018546
-49.55969798	51.17724754
-49.47661383	51.20428254
-49.39352968	51.2312904
-49.31044552	51.25827107
-49.22736137	51.28522449
-49.14427721	51.31215061
-49.06119306	51.33904937
-48.97810891	51.36592072
-48.89502475	51.3927646
-48.8119406	51.41958095
-48.72885644	51.44636973
-48.64577229	51.47313087
-48.56268813	51.49986431
-48.47960398	51.52657001
-48.39651983	51.55324791
-48.31343567	51.57989794
-48.23035152	51.60652006
-48.14726736	51.63311421
-48.06418321	51.65968033
-47.98109905	51.68621837
-47.8980149	51.71272826
-47.81493075	51.73920995
-47.73184659	51.76566339
-47.64876244	51.79208852
-47.56567828	51.81848528
-47.48259413	51.84485361
-47.39950998	51.87119346
-47.31642582	51.89750477
-47.23334167	51.92378748
-47.15025751	51.95004154
-47.06717336	51.97626689
-46.9840892	52.00246346
-46.90100505	52.02863121
-46.8179209	52.05477007
-46.73483674	52.08087999
-46.65175259	52.10696091
-46.56866843	52.13301277
-46.48558428	52.15903551
-46.40250013	52.18502907
-46.31941597	52.2109934
-46.23633182	52.23692844
-46.15324766	52.26283413
-46.07016351	52.28871041
-45.98707935	52.31455723
-45.9039952	52.34037451
-45.82091105	52.36616221
-45.73782689	52.39192027
-45.65474274	52.41764862
-45.57165858	52.44334721
-45.48857443	52.46901598
-45.40549027	52.49465486
-45.32240612	52.52026381
-45.23932197	52.54584276
-45.15623781	52.57139165
-45.07315366	52.59691041
-44.9900695	52.622399
-44.90698535	52.64785736
-44.8239012	52.67328541
-44.74081704	52.69868311
-44.65773289	52.72405038
-44.57464873	52.74938718
-44.49156458	52.77469344
-44.40848042	52.7999691
-44.32539627	52.8252141
-44.24231212	52.85042839
-44.15922796	52.87561189
-44.07614381	52.90076455
-43.99305965	52.9258863
-43.9099755	52.9509771
-43.82689134	52.97603687
-43.74380719	53.00106556
-43.66072304	53.0260631
-43.57763888	53.05102943
-43.49455473	53.0759645
-43.41147057	53.10086824
-43.32838642	53.12574058
-43.24530227	53.15058148
-43.16221811	53.17539086
-43.07913396	53.20016866
-42.9960498	53.22491483
-42.91296565	53.2496293
-42.82988149	53.274312
-42.74679734	53.29896289
-42.66371319	53.32358189
-42.58062903	53.34816894
-42.49754488	53.37272398
-42.41446072	53.39724695
-42.33137657	53.42173778
-42.24829241	53.44619642
-42.16520826	53.4706228
-42.08212411	53.49501686
-41.99903995	53.51937853
-41.9159558	53.54370776
-41.83287164	53.56800447
-41.74978749	53.59226861
-41.66670334	53.61650012
-41.58361918	53.64069893
-41.50053503	53.66486497
-41.41745087	53.68899819
-41.33436672	53.71309852
-41.25128256	53.73716589
-41.16819841	53.76120026
-41.08511426	53.78520154
-41.0020301	53.80916967
-40.91894595	53.83310461
-40.83586179	53.85700627
-40.75277764	53.88087459
-40.66969348	53.90470952
-40.58660933	53.92851098
-40.50352518	53.95227892
-40.42044102	53.97601327
-40.33735687	53.99971396
-40.25427271	54.02338093
-40.17118856	54.04701412
-40.08810441	54.07061346
-40.00502025	54.09417889
-39.9219361	54.11771034
-39.83885194	54.14120775
-39.75576779	54.16467106
-39.67268363	54.18810019
-39.58959948	54.21149508
-39.50651533	54.23485568
-39.42343117	54.25818191
-39.34034702	54.2814737
-39.25726286	54.304731
-39.17417871	54.32795374
-39.09109455	54.35114185
-39.0080104	54.37429527
-38.92492625	54.39741394
-38.84184209	54.42049777
-38.75875794	54.44354672
-38.67567378	54.46656072
-38.59258963	54.4895397
-38.50950548	54.51248359
-38.42642132	54.53539233
-38.34333717	54.55826585
-38.26025301	54.58110408
-38.17716886	54.60390697
-38.0940847	54.62667445
-38.01100055	54.64940644
-37.9279164	54.67210288
-37.84483224	54.69476372
-37.76174809	54.71738887
-37.67866393	54.73997827
-37.59557978	54.76253186
-37.51249562	54.78504957
-37.42941147	54.80753134
-37.34632732	54.82997709
-37.26324316	54.85238677
-37.18015901	54.8747603
-37.09707485	54.89709761
-37.0139907	54.91939865
-36.93090655	54.94166334
-36.84782239	54.96389162
-36.76473824	54.98608341
-36.68165408	55.00823866
-36.59856993	55.0303573
-36.51548577	55.05243925
-36.43240162	55.07448446
-36.34931747	55.09649285
-36.26623331	55.11846435
-36.18314916	55.14039891
-36.100065	55.16229645
-36.01698085	55.1841569
-35.93389669	55.2059802
-35.85081254	55.22776628
-35.76772839	55.24951507
-35.68464423	55.27122651
-35.60156008	55.29290052
-35.51847592	55.31453704
-35.43539177	55.336136
-35.35230762	55.35769734
-35.26922346	55.37922098
-35.18613931	55.40070686
-35.10305515	55.4221549
-35.019971	55.44356505
-34.93688684	55.46493724
-34.85380269	55.48627138
-34.77071854	55.50756743
-34.68763438	55.5288253
-34.60455023	55.55004494
-34.52146607	55.57122627
-34.43838192	55.59236922
-34.35529776	55.61347373
-34.27221361	55.63453973
-34.18912946	55.65556714
-34.1060453	55.67655591
-34.02296115	55.69750596
-33.93987699	55.71841722
-33.85679284	55.73928963
-33.77370869	55.76012311
-33.69062453	55.7809176
-33.60754038	55.80167303
-33.52445622	55.82238934
-33.44137207	55.84306644
-33.35828791	55.86370428
-33.27520376	55.88430278
-33.19211961	55.90486188
-33.10903545	55.92538151
-33.0259513	55.94586159
-32.94286714	55.96630206
-32.85978299	55.98670286
-32.77669883	56.0070639
-32.69361468	56.02738513
-32.61053053	56.04766647
-32.52744637	56.06790785
-32.44436222	56.08810921
-32.36127806	56.10827048
-32.27819391	56.12839158
-32.19510976	56.14847246
-32.1120256	56.16851303
-32.02894145	56.18851323
-31.94585729	56.20847299
-31.86277314	56.22839225
-31.77968898	56.24827092
-31.69660483	56.26810895
-31.61352068	56.28790627
-31.53043652	56.30766279
-31.44735237	56.32737847
-31.36426821	56.34705322
-31.28118406	56.36668698
-31.1980999	56.38627967
-31.11501575	56.40583124
-31.0319316	56.4253416
-30.94884744	56.44481069
-30.86576329	56.46423844
-30.78267913	56.48362479
-30.69959498	56.50296966
-30.61651083	56.52227298
-30.53342667	56.54153468
-30.45034252	56.56075469
-30.36725836	56.57993295
-30.28417421	56.59906939
-30.20109005	56.61816393
-30.1180059	56.63721651
-30.03492175	56.65622706
-29.95183759	56.6751955
-29.86875344	56.69412177
-29.78566928	56.7130058
-29.70258513	56.73184752
-29.61950098	56.75064686
-29.53641682	56.76940375
-29.45333267	56.78811813
-29.37024851	56.80678991
-29.28716436	56.82541904
-29.2040802	56.84400544
-29.12099605	56.86254905
-29.0379119	56.88104979
-28.95482774	56.8995076
-28.87174359	56.9179224
-28.78865943	56.93629413
-28.70557528	56.95462272
-28.62249112	56.9729081
-28.53940697	56.9911502
-28.45632282	57.00934895
-28.37323866	57.02750428
-28.29015451	57.04561612
-28.20707035	57.0636844
-28.1239862	57.08170906
-28.04090205	57.09969002
-27.95781789	57.11762722
-27.87473374	57.13552059
-27.79164958	57.15337005
-27.70856543	57.17117554
-27.62548127	57.18893699
-27.54239712	57.20665433
-27.45931297	57.22432749
-27.37622881	57.24195641
-27.29314466	57.25954101
-27.2100605	57.27708122
-27.12697635	57.29457698
-27.04389219	57.31202822
-26.96080804	57.32943486
-26.87772389	57.34679685
-26.79463973	57.36411411
-26.71155558	57.38138657
-26.62847142	57.39861416
-26.54538727	57.41579682
-26.46230312	57.43293448
-26.37921896	57.45002706
-26.29613481	57.46707451
-26.21305065	57.48407675
-26.1299665	57.50103371
-26.04688234	57.51794532
-25.96379819	57.53481153
-25.88071404	57.55163225
-25.79762988	57.56840742
-25.71454573	57.58513697
-25.63146157	57.60182084
-25.54837742	57.61845895
-25.46529326	57.63505124
-25.38220911	57.65159765
-25.29912496	57.66809809
-25.2160408	57.68455251
-25.13295665	57.70096084
-25.04987249	57.717323
-24.96678834	57.73363894
-24.88370419	57.74990858
-24.80062003	57.76613186
-24.71753588	57.78230871
-24.63445172	57.79843906
-24.55136757	57.81452284
-24.46828341	57.83055999
-24.38519926	57.84655044
-24.30211511	57.86249412
-24.21903095	57.87839097
-24.1359468	57.89424092
-24.05286264	57.9100439
-23.96977849	57.92579984
-23.88669433	57.94150869
-23.80361018	57.95717036
-23.72052603	57.9727848
-23.63744187	57.98835194
-23.55435772	58.00387171
-23.47127356	58.01934404
-23.38818941	58.03476888
-23.30510526	58.05014614
-23.2220211	58.06547578
-23.13893695	58.08075771
-23.05585279	58.09599188
-22.97276864	58.11117822
-22.88968448	58.12631666
-22.80660033	58.14140714
-22.72351618	58.15644959
-22.64043202	58.17144395
-22.55734787	58.18639014
-22.47426371	58.20128812
-22.39117956	58.2161378
-22.3080954	58.23093913
-22.22501125	58.24569203
-22.1419271	58.26039646
-22.05884294	58.27505233
-21.97575879	58.28965959
-21.89267463	58.30421816
-21.80959048	58.318728
-21.72650633	58.33318902
-21.64342217	58.34760117
-21.56033802	58.36196439
-21.47725386	58.3762786
-21.39416971	58.39054375
-21.31108555	58.40475977
-21.2280014	58.41892659
-21.14491725	58.43304416
-21.06183309	58.44711241
-20.97874894	58.46113127
-20.89566478	58.47510069
-20.81258063	58.48902059
-20.72949647	58.50289092
-20.64641232	58.51671162
-20.56332817	58.53048261
-20.48024401	58.54420384
-20.39715986	58.55787525
-20.3140757	58.57149677
-20.23099155	58.58506833
-20.1479074	58.59858989
-20.06482324	58.61206137
-19.98173909	58.62548271
-19.89865493	58.63885385
-19.81557078	58.65217474
-19.73248662	58.6654453
-19.64940247	58.67866548
-19.56631832	58.69183521
-19.48323416	58.70495443
-19.40015001	58.71802309
-19.31706585	58.73104112
-19.2339817	58.74400846
-19.15089754	58.75692505
-19.06781339	58.76979083
-18.98472924	58.78260573
-18.90164508	58.79536971
-18.81856093	58.80808269
-18.73547677	58.82074463
-18.65239262	58.83335545
-18.56930847	58.8459151
-18.48622431	58.85842352
-18.40314016	58.87088064
-18.320056	58.88328642
-18.23697185	58.8956408
-18.15388769	58.9079437
-18.07080354	58.92019508
-17.98771939	58.93239487
-17.90463523	58.94454302
-17.82155108	58.95663947
-17.73846692	58.96868416
-17.65538277	58.98067703
-17.57229861	58.99261802
-17.48921446	59.00450708
-17.40613031	59.01634416
-17.32304615	59.02812918
-17.239962	59.0398621
-17.15687784	59.05154286
-17.07379369	59.06317139
-16.99070954	59.07474766
-16.90762538	59.08627159
-16.82454123	59.09774313
-16.74145707	59.10916223
-16.65837292	59.12052882
-16.57528876	59.13184286
-16.49220461	59.14310429
-16.40912046	59.15431306
-16.3260363	59.1654691
-16.24295215	59.17657236
-16.15986799	59.18762279
-16.07678384	59.19862033
-15.99369968	59.20956494
-15.91061553	59.22045654
-15.82753138	59.2312951
-15.74444722	59.24208055
-15.66136307	59.25281285
-15.57827891	59.26349194
-15.49519476	59.27411776
-15.41211061	59.28469026
-15.32902645	59.29520939
-15.2459423	59.3056751
-15.16285814	59.31608734
-15.07977399	59.32644605
-14.99668983	59.33675117
-14.91360568	59.34700267
-14.83052153	59.35720048
-14.74743737	59.36734456
-14.66435322	59.37743485
-14.58126906	59.3874713
-14.49818491	59.39745386
-14.41510076	59.40738248
-14.3320166	59.41725712
-14.24893245	59.42707771
-14.16584829	59.43684422
-14.08276414	59.44655658
-13.99967998	59.45621475
-13.91659583	59.46581869
-13.83351168	59.47536834
-13.75042752	59.48486365
-13.66734337	59.49430457
-13.58425921	59.50369106
-13.50117506	59.51302306
-13.4180909	59.52230054
-13.33500675	59.53152344
-13.2519226	59.54069171
-13.16883844	59.5498053
-13.08575429	59.55886418
-13.00267013	59.56786828
-12.91958598	59.57681758
-12.83650183	59.58571201
-12.75341767	59.59455153
-12.67033352	59.6033361
-12.58724936	59.61206567
-12.50416521	59.6207402
-12.42108105	59.62935963
-12.3379969	59.63792393
-12.25491275	59.64643305
-12.17182859	59.65488695
-12.08874444	59.66328558
-12.00566028	59.67162889
-11.92257613	59.67991685
-11.83949197	59.6881494
-11.75640782	59.69632651
-11.67332367	59.70444814
-11.59023951	59.71251423
-11.50715536	59.72052475
-11.4240712	59.72847966
-11.34098705	59.73637891
-11.2579029	59.74422246
-11.17481874	59.75201027
-11.09173459	59.75974229
-11.00865043	59.7674185
-10.92556628	59.77503884
-10.84248212	59.78260327
-10.75939797	59.79011176
-10.67631382	59.79756427
-10.59322966	59.80496075
-10.51014551	59.81230116
-10.42706135	59.81958548
-10.3439772	59.82681365
-10.26089304	59.83398563
-10.17780889	59.8411014
-10.09472474	59.84816091
-10.01164058	59.85516412
-9.928556428	59.862111
-9.845472274	59.86900151
-9.762388119	59.87583561
-9.679303965	59.88261326
-9.596219811	59.88933443
-9.513135657	59.89599909
-9.430051503	59.90260718
-9.346967348	59.90915869
-9.263883194	59.91565358
-9.18079904	59.9220918
-9.097714886	59.92847332
-9.014630732	59.93479812
-8.931546577	59.94106615
-8.848462423	59.94727738
-8.765378269	59.95343178
-8.682294115	59.95952931
-8.59920996	59.96556994
-8.516125806	59.97155364
-8.433041652	59.97748037
-8.349957498	59.98335011
-8.266873344	59.98916281
-8.183789189	59.99491846
-8.100705035	60.00061701
-8.017620881	60.00625844
-7.934536727	60.01184271
-7.851452573	60.01736979
-7.768368418	60.02283966
-7.685284264	60.02825228
-7.60220011	60.03360762
-7.519115956	60.03890566
-7.436031802	60.04414637
-7.352947647	60.04932971
-7.269863493	60.05445565
-7.186779339	60.05952418
-7.103695185	60.06453526
-7.020611031	60.06948886
-6.937526876	60.07438495
-6.854442722	60.07922352
-6.771358568	60.08400452
-6.688274414	60.08872795
-6.60519026	60.09339376
-6.522106105	60.09800193
-6.439021951	60.10255245
-6.355937797	60.10704527
-6.272853643	60.11148038
-6.189769488	60.11585776
-6.106685334	60.12017737
-6.02360118	60.1244392
-5.940517026	60.12864322
-5.857432872	60.13278941
-5.774348717	60.13687774
-5.691264563	60.14090819
-5.608180409	60.14488074
-5.525096255	60.14879537
-5.442012101	60.15265205
-5.358927946	60.15645077
-5.275843792	60.16019149
-5.192759638	60.16387421
-5.109675484	60.1674989
-5.02659133	60.17106554
-4.943507175	60.17457411
-4.860423021	60.17802459
-4.777338867	60.18141696
-4.694254713	60.1847512
-4.611170559	60.18802729
-4.528086404	60.19124522
-4.44500225	60.19440497
-4.361918096	60.19750652
-4.278833942	60.20054984
-4.195749787	60.20353493
-4.112665633	60.20646177
-4.029581479	60.20933034
-3.946497325	60.21214063
-3.863413171	60.21489261
-3.780329016	60.21758628
-3.697244862	60.22022162
-3.614160708	60.2227986
-3.531076554	60.22531723
-3.4479924	60.22777749
-3.364908245	60.23017935
-3.281824091	60.23252281
-3.198739937	60.23480786
-3.115655783	60.23703447
-3.032571629	60.23920265
-2.949487474	60.24131237
-2.86640332	60.24336362
-2.783319166	60.2453564
-2.700235012	60.24729069
-2.617150858	60.24916648
-2.534066703	60.25098376
-2.450982549	60.25274252
-2.367898395	60.25444275
-2.284814241	60.25608444
-2.201730087	60.25766758
-2.118645932	60.25919216
-2.035561778	60.26065817
-1.952477624	60.26206561
-1.86939347	60.26341447
-1.786309315	60.26470473
-1.703225161	60.2659364
-1.620141007	60.26710946
-1.537056853	60.26822391
-1.453972699	60.26927974
-1.370888544	60.27027695
-1.28780439	60.27121552
-1.204720236	60.27209547
-1.121636082	60.27291677
-1.038551928	60.27367942
-0.955467773	60.27438343
-0.872383619	60.27502879
-0.789299465	60.27561548
-0.706215311	60.27614352
-0.623131157	60.27661289
-0.540047002	60.2770236
-0.456962848	60.27737564
-0.373878694	60.27766901
-0.29079454	60.27790371
-0.207710386	60.27807973
-0.124626231	60.27819708
-0.041542077	60.27825576
0.041542077	60.27825576
0.124626231	60.27819708
0.207710386	60.27807973
0.29079454	60.27790371
0.373878694	60.27766901
0.456962848	60.27737564
0.540047002	60.2770236
0.623131157	60.27661289
0.706215311	60.27614352
0.789299465	60.27561548
0.872383619	60.27502879
0.955467773	60.27438343
1.038551928	60.27367942
1.121636082	60.27291677
1.204720236	60.27209547
1.28780439	60.27121552
1.370888544	60.27027695
1.453972699	60.26927974
1.537056853	60.26822391
1.620141007	60.26710946
1.703225161	60.2659364
1.786309315	60.26470473
1.86939347	60.26341447
1.952477624	60.26206561
2.035561778	60.26065817
2.118645932	60.25919216
2.201730087	60.25766758
2.284814241	60.25608444
2.367898395	60.25444275
2.450982549	60.25274252
2.534066703	60.25098376
2.617150858	60.24916648
2.700235012	60.24729069
2.783319166	60.2453564
2.86640332	60.24336362
2.949487474	60.24131237
3.032571629	60.23920265
3.115655783	60.23703447
3.198739937	60.23480786
3.281824091	60.23252281
3.364908245	60.23017935
3.4479924	60.22777749
3.531076554	60.22531723
3.614160708	60.2227986
3.697244862	60.22022162
3.780329016	60.21758628
3.863413171	60.21489261
3.946497325	60.21214063
4.029581479	60.20933034
4.112665633	60.20646177
4.195749787	60.20353493
4.278833942	60.20054984
4.361918096	60.19750652
4.44500225	60.19440497
4.528086404	60.19124522
4.611170559	60.18802729
4.694254713	60.1847512
4.777338867	60.18141696
4.860423021	60.17802459
4.943507175	60.17457411
5.02659133	60.17106554
5.109675484	60.1674989
5.192759638	60.16387421
5.275843792	60.16019149
5.358927946	60.15645077
5.442012101	60.15265205
5.525096255	60.14879537
5.608180409	60.14488074
5.691264563	60.14090819
5.774348717	60.13687774
5.857432872	60.13278941
5.940517026	60.12864322
6.02360118	60.1244392
6.106685334	60.12017737
6.189769488	60.11585776
6.272853643	60.11148038
6.355937797	60.10704527
6.439021951	60.10255245
6.522106105	60.09800193
6.60519026	60.09339376
6.688274414	60.08872795
6.771358568	60.08400452
6.854442722	60.07922352
6.937526876	60.07438495
7.020611031	60.06948886
7.103695185	60.06453526
7.186779339	60.05952418
7.269863493	60.05445565
7.352947647	60.04932971
7.436031802	60.04414637
7.519115956	60.03890566
7.60220011	60.03360762
7.685284264	60.02825228
7.768368418	60.02283966
7.851452573	60.01736979
7.934536727	60.01184271
8.017620881	60.00625844
8.100705035	60.00061701
8.183789189	59.99491846
8.266873344	59.98916281
8.349957498	59.98335011
8.433041652	59.97748037
8.516125806	59.97155364
8.59920996	59.96556994
8.682294115	59.95952931
8.765378269	59.95343178
8.848462423	59.94727738
8.931546577	59.94106615
9.014630732	59.93479812
9.097714886	59.92847332
9.18079904	59.9220918
9.263883194	59.91565358
9.346967348	59.90915869
9.430051503	59.90260718
9.513135657	59.89599909
9.596219811	59.88933443
9.679303965	59.88261326
9.762388119	59.87583561
9.845472274	59.86900151
9.928556428	59.862111
10.01164058	59.85516412
10.09472474	59.84816091
10.17780889	59.8411014
10.26089304	59.83398563
10.3439772	59.82681365
10.42706135	59.81958548
10.51014551	59.81230116
10.59322966	59.80496075
10.67631382	59.79756427
10.75939797	59.79011176
10.84248212	59.78260327
10.92556628	59.77503884
11.00865043	59.7674185
11.09173459	59.75974229
11.17481874	59.75201027
11.2579029	59.74422246
11.34098705	59.73637891
11.4240712	59.72847966
11.50715536	59.72052475
11.59023951	59.71251423
11.67332367	59.70444814
11.75640782	59.69632651
11.83949197	59.6881494
11.92257613	59.67991685
12.00566028	59.67162889
12.08874444	59.66328558
12.17182859	59.65488695
12.25491275	59.64643305
12.3379969	59.63792393
12.42108105	59.62935963
12.50416521	59.6207402
12.58724936	59.61206567
12.67033352	59.6033361
12.75341767	59.59455153
12.83650183	59.58571201
12.91958598	59.57681758
13.00267013	59.56786828
13.08575429	59.55886418
13.16883844	59.5498053
13.2519226	59.54069171
13.33500675	59.53152344
13.4180909	59.52230054
13.50117506	59.51302306
13.58425921	59.50369106
13.66734337	59.49430457
13.75042752	59.48486365
13.83351168	59.47536834
13.91659583	59.46581869
13.99967998	59.45621475
14.08276414	59.44655658
14.16584829	59.43684422
14.24893245	59.42707771
14.3320166	59.41725712
14.41510076	59.40738248
14.49818491	59.39745386
14.58126906	59.3874713
14.66435322	59.37743485
14.74743737	59.36734456
14.83052153	59.35720048
14.91360568	59.34700267
14.99668983	59.33675117
15.07977399	59.32644605
15.16285814	59.31608734
15.2459423	59.3056751
15.32902645	59.29520939
15.41211061	59.28469026
15.49519476	59.27411776
15.57827891	59.26349194
15.66136307	59.25281285
15.74444722	59.24208055
15.82753138	59.2312951
15.91061553	59.22045654
15.99369968	59.20956494
16.07678384	59.19862033
16.15986799	59.18762279
16.24295215	59.17657236
16.3260363	59.1654691
16.40912046	59.15431306
16.49220461	59.14310429
16.57528876	59.13184286
16.65837292	59.12052882
16.74145707	59.10916223
16.82454123	59.09774313
16.90762538	59.08627159
16.99070954	59.07474766
17.07379369	59.06317139
17.15687784	59.05154286
17.239962	59.0398621
17.32304615	59.02812918
17.40613031	59.01634416
17.48921446	59.00450708
17.57229861	58.99261802
17.65538277	58.98067703
17.73846692	58.96868416
17.82155108	58.95663947
17.90463523	58.94454302
17.98771939	58.93239487
18.07080354	58.92019508
18.15388769	58.9079437
18.23697185	58.8956408
18.320056	58.88328642
18.40314016	58.87088064
18.48622431	58.85842352
18.56930847	58.8459151
18.65239262	58.83335545
18.73547677	58.82074463
18.81856093	58.80808269
18.90164508	58.79536971
18.98472924	58.78260573
19.06781339	58.76979083
19.15089754	58.75692505
19.2339817	58.74400846
19.31706585	58.73104112
19.40015001	58.71802309
19.48323416	58.70495443
19.56631832	58.69183521
19.64940247	58.67866548
19.73248662	58.6654453
19.81557078	58.65217474
19.89865493	58.63885385
19.98173909	58.62548271
20.06482324	58.61206137
20.1479074	58.59858989
20.23099155	58.58506833
20.3140757	58.57149677
20.39715986	58.55787525
20.48024401	58.54420384
20.56332817	58.53048261
20.64641232	58.51671162
20.72949647	58.50289092
20.81258063	58.48902059
20.89566478	58.47510069
20.97874894	58.46113127
21.06183309	58.44711241
21.14491725	58.43304416
21.2280014	58.41892659
21.31108555	58.40475977
21.39416971	58.39054375
21.47725386	58.3762786
21.56033802	58.36196439
21.64342217	58.34760117
21.72650633	58.33318902
21.80959048	58.318728
21.89267463	58.30421816
21.97575879	58.28965959
22.05884294	58.27505233
22.1419271	58.26039646
22.22501125	58.24569203
22.3080954	58.23093913
22.39117956	58.2161378
22.47426371	58.20128812
22.55734787	58.18639014
22.64043202	58.17144395
22.72351618	58.15644959
22.80660033	58.14140714
22.88968448	58.12631666
22.97276864	58.11117822
23.05585279	58.09599188
23.13893695	58.08075771
23.2220211	58.06547578
23.30510526	58.05014614
23.38818941	58.03476888
23.47127356	58.01934404
23.55435772	58.00387171
23.63744187	57.98835194
23.72052603	57.9727848
23.80361018	57.95717036
23.88669433	57.94150869
23.96977849	57.92579984
24.05286264	57.9100439
24.1359468	57.89424092
24.21903095	57.87839097
24.30211511	57.86249412
24.38519926	57.84655044
24.46828341	57.83055999
24.55136757	57.81452284
24.63445172	57.79843906
24.71753588	57.78230871
24.80062003	57.76613186
24.88370419	57.74990858
24.96678834	57.73363894
25.04987249	57.717323
25.13295665	57.70096084
25.2160408	57.68455251
25.29912496	57.66809809
25.38220911	57.65159765
25.46529326	57.63505124
25.54837742	57.61845895
25.63146157	57.60182084
25.71454573	57.58513697
25.79762988	57.56840742
25.88071404	57.55163225
25.96379819	57.53481153
26.04688234	57.51794532
26.1299665	57.50103371
26.21305065	57.48407675
26.29613481	57.46707451
26.37921896	57.45002706
26.46230312	57.43293448
26.54538727	57.41579682
26.62847142	57.39861416
26.71155558	57.38138657
26.79463973	57.36411411
26.87772389	57.34679685
26.96080804	57.32943486
27.04389219	57.31202822
27.12697635	57.29457698
27.2100605	57.27708122
27.29314466	57.25954101
27.37622881	57.24195641
27.45931297	57.22432749
27.54239712	57.20665433
27.62548127	57.18893699
27.70856543	57.17117554
27.79164958	57.15337005
27.87473374	57.13552059
27.95781789	57.11762722
28.04090205	57.09969002
28.1239862	57.08170906
28.20707035	57.0636844
28.29015451	57.04561612
28.37323866	57.02750428
28.45632282	57.00934895
28.53940697	56.9911502
28.62249112	56.9729081
28.70557528	56.95462272
28.78865943	56.93629413
28.87174359	56.9179224
28.95482774	56.8995076
29.0379119	56.88104979
29.12099605	56.86254905
29.2040802	56.84400544
29.28716436	56.82541904
29.37024851	56.80678991
29.45333267	56.78811813
29.53641682	56.76940375
29.61950098	56.75064686
29.70258513	56.73184752
29.78566928	56.7130058
29.86875344	56.69412177
29.95183759	56.6751955
30.03492175	56.65622706
30.1180059	56.63721651
30.20109005	56.61816393
30.28417421	56.59906939
30.36725836	56.57993295
30.45034252	56.56075469
30.53342667	56.54153468
30.61651083	56.52227298
30.69959498	56.50296966
30.78267913	56.48362479
30.86576329	56.46423844
30.94884744	56.44481069
31.0319316	56.4253416
31.11501575	56.40583124
31.1980999	56.38627967
31.28118406	56.36668698
31.36426821	56.34705322
31.44735237	56.32737847
31.53043652	56.30766279
31.61352068	56.28790627
31.69660483	56.26810895
31.77968898	56.24827092
31.86277314	56.22839225
31.94585729	56.20847299
32.02894145	56.18851323
32.1120256	56.16851303
32.19510976	56.14847246
32.27819391	56.12839158
32.36127806	56.10827048
32.44436222	56.08810921
32.52744637	56.06790785
32.61053053	56.04766647
32.69361468	56.02738513
32.77669883	56.0070639
32.85978299	55.98670286
32.94286714	55.96630206
33.0259513	55.94586159
33.10903545	55.92538151
33.19211961	55.90486188
33.27520376	55.88430278
33.35828791	55.86370428
33.44137207	55.84306644
33.52445622	55.82238934
33.60754038	55.80167303
33.69062453	55.7809176
33.77370869	55.76012311
33.85679284	55.73928963
33.93987699	55.71841722
34.02296115	55.69750596
34.1060453	55.67655591
34.18912946	55.65556714
34.27221361	55.63453973
34.35529776	55.61347373
34.43838192	55.59236922
34.52146607	55.57122627
34.60455023	55.55004494
34.68763438	55.5288253
34.77071854	55.50756743
34.85380269	55.48627138
34.93688684	55.46493724
35.019971	55.44356505
35.10305515	55.4221549
35.18613931	55.40070686
35.26922346	55.37922098
35.35230762	55.35769734
35.43539177	55.336136
35.51847592	55.31453704
35.60156008	55.29290052
35.68464423	55.27122651
35.76772839	55.24951507
35.85081254	55.22776628
35.93389669	55.2059802
36.01698085	55.1841569
36.100065	55.16229645
36.18314916	55.14039891
36.26623331	55.11846435
36.34931747	55.09649285
36.43240162	55.07448446
36.51548577	55.05243925
36.59856993	55.0303573
36.68165408	55.00823866
36.76473824	54.98608341
36.84782239	54.96389162
36.93090655	54.94166334
37.0139907	54.91939865
37.09707485	54.89709761
37.18015901	54.8747603
37.26324316	54.85238677
37.34632732	54.82997709
37.42941147	54.80753134
37.51249562	54.78504957
37.59557978	54.76253186
37.67866393	54.73997827
37.76174809	54.71738887
37.84483224	54.69476372
37.9279164	54.67210288
38.01100055	54.64940644
38.0940847	54.62667445
38.17716886	54.60390697
38.26025301	54.58110408
38.34333717	54.55826585
38.42642132	54.53539233
38.50950548	54.51248359
38.59258963	54.4895397
38.67567378	54.46656072
38.75875794	54.44354672
38.84184209	54.42049777
38.92492625	54.39741394
39.0080104	54.37429527
39.09109455	54.35114185
39.17417871	54.32795374
39.25726286	54.304731
39.34034702	54.2814737
39.42343117	54.25818191
39.50651533	54.23485568
39.58959948	54.21149508
39.67268363	54.18810019
39.75576779	54.16467106
39.83885194	54.14120775
39.9219361	54.11771034
40.00502025	54.09417889
40.08810441	54.07061346
40.17118856	54.04701412
40.25427271	54.02338093
40.33735687	53.99971396
40.42044102	53.97601327
40.50352518	53.95227892
40.58660933	53.92851098
40.66969348	53.90470952
40.75277764	53.88087459
40.83586179	53.85700627
40.91894595	53.83310461
41.0020301	53.80916967
41.08511426	53.78520154
41.16819841	53.76120026
41.25128256	53.73716589
41.33436672	53.71309852
41.41745087	53.68899819
41.50053503	53.66486497
41.58361918	53.64069893
41.66670334	53.61650012
41.74978749	53.59226861
41.83287164	53.56800447
41.9159558	53.54370776
41.99903995	53.51937853
42.08212411	53.49501686
42.16520826	53.4706228
42.24829241	53.44619642
42.33137657	53.42173778
42.41446072	53.39724695
42.49754488	53.37272398
42.58062903	53.34816894
42.66371319	53.32358189
42.74679734	53.29896289
42.82988149	53.274312
42.91296565	53.2496293
42.9960498	53.22491483
43.07913396	53.20016866
43.16221811	53.17539086
43.24530227	53.15058148
43.32838642	53.12574058
43.41147057	53.10086824
43.49455473	53.0759645
43.57763888	53.05102943
43.66072304	53.0260631
43.74380719	53.00106556
43.82689134	52.97603687
43.9099755	52.9509771
43.99305965	52.9258863
44.07614381	52.90076455
44.15922796	52.87561189
44.24231212	52.85042839
44.32539627	52.8252141
44.40848042	52.7999691
44.49156458	52.77469344
44.57464873	52.74938718
44.65773289	52.72405038
44.74081704	52.69868311
44.8239012	52.67328541
44.90698535	52.64785736
44.9900695	52.622399
45.07315366	52.59691041
45.15623781	52.57139165
45.23932197	52.54584276
45.32240612	52.52026381
45.40549027	52.49465486
45.48857443	52.46901598
45.57165858	52.44334721
45.65474274	52.41764862
45.73782689	52.39192027
45.82091105	52.36616221
45.9039952	52.34037451
45.98707935	52.31455723
46.07016351	52.28871041
46.15324766	52.26283413
46.23633182	52.23692844
46.31941597	52.2109934
46.40250013	52.18502907
46.48558428	52.15903551
46.56866843	52.13301277
46.65175259	52.10696091
46.73483674	52.08087999
46.8179209	52.05477007
46.90100505	52.02863121
46.9840892	52.00246346
47.06717336	51.97626689
47.15025751	51.95004154
47.23334167	51.92378748
47.31642582	51.89750477
47.39950998	51.87119346
47.48259413	51.84485361
47.56567828	51.81848528
47.64876244	51.79208852
47.73184659	51.76566339
47.81493075	51.73920995
47.8980149	51.71272826
47.98109905	51.68621837
48.06418321	51.65968033
48.14726736	51.63311421
48.23035152	51.60652006
48.31343567	51.57989794
48.39651983	51.55324791
48.47960398	51.52657001
48.56268813	51.49986431
48.64577229	51.47313087
48.72885644	51.44636973
48.8119406	51.41958095
48.89502475	51.3927646
48.97810891	51.36592072
49.06119306	51.33904937
49.14427721	51.31215061
49.22736137	51.28522449
49.31044552	51.25827107
49.39352968	51.2312904
49.47661383	51.20428254
49.55969798	51.17724754
49.64278214	51.15018546
49.72586629	51.12309635
49.80895045	51.09598026
49.8920346	51.06883726
49.97511876	51.0416674
50.05820291	51.01447072
50.14128706	50.98724729
50.22437122	50.95999716
50.30745537	50.93272038
50.39053953	50.90541701
50.47362368	50.8780871
50.55670784	50.85073071
50.63979199	50.82334789
50.72287614	50.79593868
50.8059603	50.76850316
50.88904445	50.74104136
50.97212861	50.71355335
51.05521276	50.68603917
51.13829691	50.65849889
51.22138107	50.63093254
51.30446522	50.6033402
51.38754938	50.5757219
51.47063353	50.5480777
51.55371769	50.52040766
51.63680184	50.49271182
51.71988599	50.46499024
51.80297015	50.43724298
51.8860543	50.40947008
51.96913846	50.3816716
52.05222261	50.35384758
52.13530677	50.32599809
52.21839092	50.29812317
52.30147507	50.27022287
52.38455923	50.24229725
52.46764338	50.21434636
52.55072754	50.18637025
52.63381169	50.15836898
52.71689584	50.13034258
52.79998	50.10229112
52.88306415	50.07421464
52.96614831	50.0461132
53.04923246	50.01798685
53.13231662	49.98983564
53.21540077	49.96165962
53.29848492	49.93345884
53.38156908	49.90523334
53.46465323	49.87698319
53.54773739	49.84870844
53.63082154	49.82040912
53.7139057	49.7920853
53.79698985	49.76373702
53.880074	49.73536433
53.96315816	49.70696729
54.04624231	49.67854594
54.12932647	49.65010034
54.21241062	49.62163052
54.29549477	49.59313655
54.37857893	49.56461847
54.46166308	49.53607633
54.54474724	49.50751018
54.62783139	49.47892008
54.71091555	49.45030606
54.7939997	49.42166818
54.87708385	49.39300648
54.96016801	49.36432103
55.04325216	49.33561186
55.12633632	49.30687902
55.20942047	49.27812256
55.29250463	49.24934254
55.37558878	49.22053899
55.45867293	49.19171197
55.54175709	49.16286153
55.62484124	49.13398771
55.7079254	49.10509056
55.79100955	49.07617014
55.8740937	49.04722648
55.95717786	49.01825964
56.04026201	48.98926966
56.12334617	48.96025659
56.20643032	48.93122048
56.28951448	48.90216137
56.37259863	48.87307932
56.45568278	48.84397437
56.53876694	48.81484657
56.62185109	48.78569596
56.70493525	48.75652259
56.7880194	48.72732651
56.87110356	48.69810777
56.95418771	48.6688664
57.03727186	48.63960247
57.12035602	48.61031601
57.20344017	48.58100707
57.28652433	48.5516757
57.36960848	48.52232195
57.45269263	48.49294585
57.53577679	48.46354746
57.61886094	48.43412682
57.7019451	48.40468398
57.78502925	48.37521898
57.86811341	48.34573187
57.95119756	48.3162227
58.03428171	48.28669151
58.11736587	48.25713834
58.20045002	48.22756324
58.28353418	48.19796626
58.36661833	48.16834744
58.44970249	48.13870683
58.53278664	48.10904446
58.61587079	48.0793604
58.69895495	48.04965467
58.7820391	48.01992733
58.86512326	47.99017842
58.94820741	47.96040798
59.03129156	47.93061606
59.11437572	47.90080271
59.19745987	47.87096796
59.28054403	47.84111187
59.36362818	47.81123447
59.44671234	47.7813358
59.52979649	47.75141593
59.61288064	47.72147488
59.6959648	47.6915127
59.77904895	47.66152943
59.86213311	47.63152512
59.94521726	47.60149982
60.02830142	47.57145356
60.11138557	47.54138638
60.19446972	47.51129834
60.27755388	47.48118947
60.36063803	47.45105982
60.44372219	47.42090942
60.52680634	47.39073833
60.60989049	47.36054659
60.69297465	47.33033423
60.7760588	47.3001013
60.85914296	47.26984785
60.94222711	47.23957391
61.02531127	47.20927953
61.10839542	47.17896475
61.19147957	47.14862961
61.27456373	47.11827415
61.35764788	47.08789842
61.44073204	47.05750246
61.52381619	47.0270863
61.60690035	46.99665
61.6899845	46.96619359
61.77306865	46.93571711
61.85615281	46.90522061
61.93923696	46.87470412
62.02232112	46.84416769
62.10540527	46.81361136
62.18848942	46.78303517
62.27157358	46.75243916
62.35465773	46.72182338
62.43774189	46.69118785
62.52082604	46.66053263
62.6039102	46.62985775
62.68699435	46.59916326
62.7700785	46.56844919
62.85316266	46.53771558
62.93624681	46.50696248
63.01933097	46.47618993
63.10241512	46.44539796
63.18549927	46.41458662
63.26858343	46.38375594
63.35166758	46.35290597
63.43475174	46.32203675
63.51783589	46.29114831
63.60092005	46.26024069
63.6840042	46.22931394
63.76708835	46.19836809
63.85017251	46.16740318
63.93325666	46.13641925
64.01634082	46.10541635
64.09942497	46.0743945
64.18250913	46.04335376
64.26559328	46.01229415
64.34867743	45.98121572
64.43176159	45.95011851
64.51484574	45.91900255
64.5979299	45.88786788
64.68101405	45.85671454
64.7640982	45.82554258
64.84718236	45.79435202
64.93026651	45.76314291
65.01335067	45.73191528
65.09643482	45.70066918
65.17951898	45.66940463
65.26260313	45.63812169
65.34568728	45.60682038
65.42877144	45.57550074
65.51185559	45.54416282
65.59493975	45.51280665
65.6780239	45.48143226
65.76110806	45.4500397
65.84419221	45.418629
65.92727636	45.3872002
66.01036052	45.35575334
66.09344467	45.32428845
66.17652883	45.29280557
66.25961298	45.26130473
66.34269713	45.22978599
66.42578129	45.19824936
66.50886544	45.16669489
66.5919496	45.13512261
66.67503375	45.10353257
66.75811791	45.07192479
66.84120206	45.04029932
66.92428621	45.00865619
67.00737037	44.97699543
67.09045452	44.94531709
67.17353868	44.91362119
67.25662283	44.88190778
67.33970699	44.85017689
67.42279114	44.81842856
67.50587529	44.78666281
67.58895945	44.7548797
67.6720436	44.72307925
67.75512776	44.6912615
67.83821191	44.65942648
67.92129606	44.62757424
68.00438022	44.5957048
68.08746437	44.56381819
68.17054853	44.53191447
68.25363268	44.49999365
68.33671684	44.46805578
68.41980099	44.4361009
68.50288514	44.40412902
68.5859693	44.3721402
68.66905345	44.34013446
68.75213761	44.30811184
68.83522176	44.27607237
68.91830592	44.2440161
69.00139007	44.21194304
69.08447422	44.17985325
69.16755838	44.14774674
69.25064253	44.11562356
69.33372669	44.08348374
69.41681084	44.05132731
69.49989499	44.01915431
69.58297915	43.98696477
69.6660633	43.95475873
69.74914746	43.92253621
69.83223161	43.89029726
69.91531577	43.8580419
69.99839992	43.82577018
70.08148407	43.79348211
70.16456823	43.76117774
70.24765238	43.72885711
70.33073654	43.69652023
70.41382069	43.66416715
70.49690485	43.6317979
70.579989	43.59941251
70.66307315	43.56701101
70.74615731	43.53459345
70.82924146	43.50215984
70.91232562	43.46971022
70.99540977	43.43724463
71.07849392	43.4047631
71.16157808	43.37226566
71.24466223	43.33975234
71.32774639	43.30722318
71.41083054	43.27467821
71.4939147	43.24211745
71.57699885	43.20954095
71.660083	43.17694873
71.74316716	43.14434082
71.82625131	43.11171726
71.90933547	43.07907808
71.99241962	43.04642332
72.07550378	43.01375299
72.15858793	42.98106714
72.24167208	42.9483658
72.32475624	42.91564899
72.40784039	42.88291675
72.49092455	42.85016911
72.5740087	42.81740611
72.65709285	42.78462776
72.74017701	42.75183411
72.82326116	42.71902518
72.90634532	42.68620101
72.98942947	42.65336163
73.07251363	42.62050706
73.15559778	42.58763734
73.23868193	42.5547525
73.32176609	42.52185257
73.40485024	42.48893758
73.4879344	42.45600756
73.57101855	42.42306254
73.65410271	42.39010255
73.73718686	42.35712762
73.82027101	42.32413778
73.90335517	42.29113307
73.98643932	42.2581135
74.06952348	42.22507912
74.15260763	42.19202995
74.23569178	42.15896603
74.31877594	42.12588737
74.40186009	42.09279402
74.48494425	42.05968599
74.5680284	42.02656333
74.65111256	41.99342606
74.73419671	41.9602742
74.81728086	41.9271078
74.90036502	41.89392687
74.98344917	41.86073145
75.06653333	41.82752157
75.14961748	41.79429725
75.23270164	41.76105853
75.31578579	41.72780543
75.39886994	41.69453799
75.4819541	41.66125622
75.56503825	41.62796017
75.64812241	41.59464986
75.73120656	41.56132531
75.81429071	41.52798656
75.89737487	41.49463364
75.98045902	41.46126657
76.06354318	41.42788539
76.14662733	41.39449011
76.22971149	41.36108077
76.31279564	41.3276574
76.39587979	41.29422002
76.47896395	41.26076867
76.5620481	41.22730337
76.64513226	41.19382415
76.72821641	41.16033104
76.81130057	41.12682406
76.89438472	41.09330324
76.97746887	41.05976862
77.06055303	41.02622021
77.14363718	40.99265805
77.22672134	40.95908216
77.30980549	40.92549257
77.39288964	40.89188932
77.4759738	40.85827241
77.55905795	40.82464189
77.64214211	40.79099778
77.72522626	40.75734011
77.80831042	40.72366891
77.89139457	40.68998419
77.97447872	40.65628599
78.05756288	40.62257434
78.14064703	40.58884926
78.22373119	40.55511078
78.30681534	40.52135893
78.38989949	40.48759373
78.47298365	40.4538152
78.5560678	40.42002339
78.63915196	40.3862183
78.72223611	40.35239998
78.80532027	40.31856844
78.88840442	40.28472371
78.97148857	40.25086582
79.05457273	40.21699479
79.13765688	40.18311066
79.22074104	40.14921344
79.30382519	40.11530316
79.38690935	40.08137985
79.4699935	40.04744353
79.55307765	40.01349423
79.63616181	39.97953198
79.71924596	39.9455568
79.80233012	39.91156872
79.88541427	39.87756776
79.96849842	39.84355395
80.05158258	39.80952731
80.13466673	39.77548787
80.21775089	39.74143566
80.30083504	39.7073707
80.3839192	39.67329301
80.46700335	39.63920262
80.5500875	39.60509956
80.63317166	39.57098385
80.71625581	39.53685551
80.79933997	39.50271457
80.88242412	39.46856106
80.96550828	39.434395
81.04859243	39.40021642
81.13167658	39.36602534
81.21476074	39.33182178
81.29784489	39.29760577
81.38092905	39.26337733
81.4640132	39.22913649
81.54709735	39.19488328
81.63018151	39.16061771
81.71326566	39.12633982
81.79634982	39.09204962
81.87943397	39.05774714
81.96251813	39.0234324
82.04560228	38.98910544
82.12868643	38.95476627
82.21177059	38.92041491
82.29485474	38.88605139
82.3779389	38.85167574
82.46102305	38.81728798
82.54410721	38.78288813
82.62719136	38.74847622
82.71027551	38.71405227
82.79335967	38.6796163
82.87644382	38.64516833
82.95952798	38.6107084
83.04261213	38.57623652
83.12569628	38.54175272
83.20878044	38.50725703
83.29186459	38.47274945
83.37494875	38.43823002
83.4580329	38.40369877
83.54111706	38.36915571
83.62420121	38.33460086
83.70728536	38.30003426
83.79036952	38.26545592
83.87345367	38.23086586
83.95653783	38.19626412
84.03962198	38.1616507
84.12270614	38.12702565
84.20579029	38.09238896
84.28887444	38.05774068
84.3719586	38.02308083
84.45504275	37.98840941
84.53812691	37.95372647
84.62121106	37.91903202
84.70429521	37.88432608
84.78737937	37.84960867
84.87046352	37.81487983
84.95354768	37.78013956
85.03663183	37.74538789
85.11971599	37.71062486
85.20280014	37.67585046
85.28588429	37.64106474
85.36896845	37.60626771
85.4520526	37.57145939
85.53513676	37.5366398
85.61822091	37.50180897
85.70130507	37.46696692
85.78438922	37.43211367
85.86747337	37.39724925
85.95055753	37.36237366
86.03364168	37.32748694
86.11672584	37.29258911
86.19980999	37.25768019
86.28289414	37.2227602
86.3659783	37.18782916
86.44906245	37.15288709
86.53214661	37.11793402
86.61523076	37.08296996
86.69831492	37.04799494
86.78139907	37.01300898
86.86448322	36.9780121
86.94756738	36.94300431
87.03065153	36.90798565
87.11373569	36.87295613
87.19681984	36.83791578
87.279904	36.80286461
87.36298815	36.76780264
87.4460723	36.73272991
87.52915646	36.69764641
87.61224061	36.66255219
87.69532477	36.62744725
87.77840892	36.59233163
87.86149307	36.55720533
87.94457723	36.52206838
88.02766138	36.48692081
88.11074554	36.45176262
88.19382969	36.41659385
88.27691385	36.3814145
88.359998	36.34622462
88.44308215	36.3110242
88.52616631	36.27581327
88.60925046	36.24059186
88.69233462	36.20535998
88.77541877	36.17011766
88.85850293	36.13486491
88.94158708	36.09960175
89.02467123	36.0643282
89.10775539	36.02904429
89.19083954	35.99375003
89.2739237	35.95844544
89.35700785	35.92313055
89.440092	35.88780536
89.52317616	35.85246991
89.60626031	35.81712421
89.68934447	35.78176828
89.77242862	35.74640215
89.85551278	35.71102582
89.93859693	35.67563932
90.02168108	35.64024267
90.10476524	35.60483589
90.18784939	35.569419
90.27093355	35.53399202
90.3540177	35.49855496
90.43710186	35.46310784
90.52018601	35.4276507
90.60327016	35.39218353
90.68635432	35.35670637
90.76943847	35.32121923
90.85252263	35.28572213
90.93560678	35.25021509
91.01869093	35.21469813
91.10177509	35.17917127
91.18485924	35.14363452
91.2679434	35.10808791
91.35102755	35.07253145
91.43411171	35.03696517
91.51719586	35.00138907
91.60028001	34.96580319
91.68336417	34.93020753
91.76644832	34.89460212
91.84953248	34.85898698
91.93261663	34.82336212
92.01570079	34.78772756
92.09878494	34.75208333
92.18186909	34.71642943
92.26495325	34.68076589
92.3480374	34.64509272
92.43112156	34.60940995
92.51420571	34.57371759
92.59728986	34.53801566
92.68037402	34.50230418
92.76345817	34.46658316
92.84654233	34.43085263
92.92962648	34.3951126
93.01271064	34.35936309
93.09579479	34.32360412
93.17887894	34.2878357
93.2619631	34.25205786
93.34504725	34.2162706
93.42813141	34.18047396
93.51121556	34.14466794
93.59429971	34.10885257
93.67738387	34.07302785
93.76046802	34.03719382
93.84355218	34.00135048
93.92663633	33.96549786
94.00972049	33.92963597
94.09280464	33.89376482
94.17588879	33.85788445
94.25897295	33.82199486
94.3420571	33.78609606
94.42514126	33.75018809
94.50822541	33.71427095
94.59130957	33.67834466
94.67439372	33.64240925
94.75747787	33.60646472
94.84056203	33.57051109
94.92364618	33.53454839
95.00673034	33.49857662
95.08981449	33.4625958
95.17289864	33.42660596
95.2559828	33.39060711
95.33906695	33.35459926
95.42215111	33.31858243
95.50523526	33.28255664
95.58831942	33.24652191
95.67140357	33.21047825
95.75448772	33.17442568
95.83757188	33.13836421
95.92065603	33.10229386
96.00374019	33.06621466
96.08682434	33.0301266
96.1699085	32.99402972
96.25299265	32.95792403
96.3360768	32.92180954
96.41916096	32.88568627
96.50224511	32.84955424
96.58532927	32.81341346
96.66841342	32.77726395
96.75149757	32.74110572
96.83458173	32.7049388
96.91766588	32.66876319
97.00075004	32.63257892
97.08383419	32.59638599
97.16691835	32.56018444
97.2500025	32.52397426
97.33308665	32.48775548
97.41617081	32.45152812
97.49925496	32.41529218
97.58233912	32.37904769
97.66542327	32.34279466
97.74850743	32.30653311
97.83159158	32.27026305
97.91467573	32.23398449
97.99775989	32.19769746
98.08084404	32.16140198
98.1639282	32.12509804
98.24701235	32.08878568
98.3300965	32.0524649
98.41318066	32.01613572
98.49626481	31.97979816
98.57934897	31.94345224
98.66243312	31.90709796
98.74551728	31.87073534
98.82860143	31.8343644
98.91168558	31.79798516
98.99476974	31.76159762
99.07785389	31.72520181
99.16093805	31.68879774
99.2440222	31.65238542
99.32710636	31.61596488
99.41019051	31.57953611
99.49327466	31.54309915
99.57635882	31.506654
99.65944297	31.47020068
99.74252713	31.43373921
99.82561128	31.39726959
99.90869543	31.36079185
99.99177959	31.324306
100.0748637	31.28781205
100.1579479	31.25131002
100.2410321	31.21479993
100.3241162	31.17828178
100.4072004	31.1417556
100.4902845	31.10522139
100.5733687	31.06867918
100.6564528	31.03212897
100.739537	30.99557078
100.8226211	30.95900463
100.9057053	30.92243053
100.9887894	30.8858485
101.0718736	30.84925854
101.1549577	30.81266068
101.2380419	30.77605493
101.3211261	30.73944129
101.4042102	30.7028198
101.4872944	30.66619045
101.5703785	30.62955327
101.6534627	30.59290827
101.7365468	30.55625547
101.819631	30.51959487
101.9027151	30.48292649
101.9857993	30.44625035
102.0688834	30.40956646
102.1519676	30.37287483
102.2350518	30.33617548
102.3181359	30.29946842
102.4012201	30.26275366
102.4843042	30.22603123
102.5673884	30.18930113
102.6504725	30.15256338
102.7335567	30.11581799
102.8166408	30.07906497
102.899725	30.04230434
102.9828091	30.00553611
103.0658933	29.9687603
103.1489774	29.93197692
103.2320616	29.89518598
103.3151458	29.8583875
103.3982299	29.82158149
103.4813141	29.78476797
103.5643982	29.74794694
103.6474824	29.71111842
103.7305665	29.67428242
103.8136507	29.63743897
103.8967348	29.60058806
103.979819	29.56372972
104.0629031	29.52686396
104.1459873	29.48999079
104.2290715	29.45311022
104.3121556	29.41622227
104.3952398	29.37932695
104.4783239	29.34242427
104.5614081	29.30551425
104.6444922	29.2685969
104.7275764	29.23167224
104.8106605	29.19474027
104.8937447	29.15780101
104.9768288	29.12085447
105.059913	29.08390067
105.1429971	29.04693962
105.2260813	29.00997133
105.3091655	28.97299581
105.3922496	28.93601308
105.4753338	28.89902315
105.5584179	28.86202603
105.6415021	28.82502174
105.7245862	28.78801028
105.8076704	28.75099168
105.8907545	28.71396594
105.9738387	28.67693307
106.0569228	28.6398931
106.140007	28.60284603
106.2230912	28.56579187
106.3061753	28.52873063
106.3892595	28.49166234
106.4723436	28.454587
106.5554278	28.41750462
106.6385119	28.38041522
106.7215961	28.34331881
106.8046802	28.3062154
106.8877644	28.269105
106.9708485	28.23198763
107.0539327	28.1948633
107.1370169	28.15773202
107.220101	28.1205938
107.3031852	28.08344866
107.3862693	28.0462966
107.4693535	28.00913765
107.5524376	27.97197181
107.6355218	27.93479909
107.7186059	27.8976195
107.8016901	27.86043307
107.8847742	27.82323979
107.9678584	27.78603969
108.0509425	27.74883277
108.1340267	27.71161905
108.2171109	27.67439854
108.300195	27.63717124
108.3832792	27.59993718
108.4663633	27.56269636
108.5494475	27.5254488
108.6325316	27.48819451
108.7156158	27.45093349
108.7986999	27.41366577
108.8817841	27.37639135
108.9648682	27.33911024
109.0479524	27.30182246
109.1310366	27.26452802
109.2141207	27.22722692
109.2972049	27.18991919
109.380289	27.15260483
109.4633732	27.11528386
109.5464573	27.07795628
109.6295415	27.04062211
109.7126256	27.00328136
109.7957098	26.96593404
109.8787939	26.92858016
109.9618781	26.89121973
110.0449622	26.85385277
110.1280464	26.81647928
110.2111306	26.77909928
110.2942147	26.74171278
110.3772989	26.70431979
110.460383	26.66692033
110.5434672	26.62951439
110.6265513	26.592102
110.7096355	26.55468316
110.7927196	26.51725789
110.8758038	26.4798262
110.9588879	26.44238809
111.0419721	26.40494359
111.1250563	26.36749269
111.2081404	26.33003542
111.2912246	26.29257178
111.3743087	26.25510178
111.4573929	26.21762544
111.540477	26.18014276
111.6235612	26.14265376
111.7066453	26.10515845
111.7897295	26.06765684
111.8728136	26.03014893
111.9558978	25.99263475
112.0389819	25.95511429
112.1220661	25.91758758
112.2051503	25.88005462
112.2882344	25.84251543
112.3713186	25.80497001
112.4544027	25.76741837
112.5374869	25.72986053
112.620571	25.69229649
112.7036552	25.65472628
112.7867393	25.61714988
112.8698235	25.57956733
112.9529076	25.54197863
113.0359918	25.50438378
113.119076	25.46678281
113.2021601	25.42917571
113.2852443	25.39156251
113.3683284	25.3539432
113.4514126	25.31631781
113.5344967	25.27868634
113.6175809	25.2410488
113.700665	25.20340521
113.7837492	25.16575557
113.8668333	25.12809989
113.9499175	25.09043818
114.0330017	25.05277046
114.1160858	25.01509673
114.19917	24.97741701
114.2822541	24.93973131
114.3653383	24.90203962
114.4484224	24.86434198
114.5315066	24.82663837
114.6145907	24.78892883
114.6976749	24.75121335
114.780759	24.71349194
114.8638432	24.67576462
114.9469273	24.6380314
115.0300115	24.60029228
115.1130957	24.56254728
115.1961798	24.5247964
115.279264	24.48703966
115.3623481	24.44927707
115.4454323	24.41150863
115.5285164	24.37373435
115.6116006	24.33595426
115.6946847	24.29816834
115.7777689	24.26037663
115.860853	24.22257911
115.9439372	24.18477581
116.0270214	24.14696674
116.1101055	24.1091519
116.1931897	24.07133131
116.2762738	24.03350496
116.359358	23.99567289
116.4424421	23.95783508
116.5255263	23.91999156
116.6086104	23.88214233
116.6916946	23.8442874
116.7747787	23.80642678
116.8578629	23.76856049
116.940947	23.73068852
117.0240312	23.6928109
117.1071154	23.65492762
117.1901995	23.61703871
117.2732837	23.57914416
117.3563678	23.541244
117.439452	23.50333821
117.5225361	23.46542683
117.6056203	23.42750985
117.6887044	23.38958729
117.7717886	23.35165916
117.8548727	23.31372546
117.9379569	23.2757862
118.0210411	23.23784139
118.1041252	23.19989105
118.1872094	23.16193518
118.2702935	23.12397379
118.3533777	23.08600689
118.4364618	23.04803449
118.519546	23.0100566
118.6026301	22.97207323
118.6857143	22.93408438
118.7687984	22.89609007
118.8518826	22.85809031
118.9349667	22.8200851
119.0180509	22.78207445
119.1011351	22.74405837
119.1842192	22.70603688
119.2673034	22.66800997
119.3503875	22.62997767
119.4334717	22.59193997
119.5165558	22.5538969
119.59964	22.51584844
119.6827241	22.47779463
119.7658083	22.43973545
119.8488924	22.40167093
119.9319766	22.36360107
120.0150608	22.32552588
120.0981449	22.28744538
120.1812291	22.24935956
120.2643132	22.21126843
120.3473974	22.17317201
120.4304815	22.13507031
120.5135657	22.09696333
120.5966498	22.05885109
120.679734	22.02073358
120.7628181	21.98261082
120.8459023	21.94448282
120.9289864	21.90634959
121.0120706	21.86821113
121.0951548	21.83006746
121.1782389	21.79191858
121.2613231	21.7537645
121.3444072	21.71560523
121.4274914	21.67744078
121.5105755	21.63927116
121.5936597	21.60109637
121.6767438	21.56291642
121.759828	21.52473133
121.8429121	21.4865411
121.9259963	21.44834574
122.0090805	21.41014525
122.0921646	21.37193965
122.1752488	21.33372895
122.2583329	21.29551314
122.3414171	21.25729225
122.4245012	21.21906628
122.5075854	21.18083524
122.5906695	21.14259913
122.6737537	21.10435797
122.7568378	21.06611176
122.839922	21.02786051
122.9230062	20.98960422
123.0060903	20.95134292
123.0891745	20.9130766
123.1722586	20.87480528
123.2553428	20.83652896
123.3384269	20.79824764
123.4215111	20.75996135
123.5045952	20.72167008
123.5876794	20.68337385
123.6707635	20.64507265
123.7538477	20.60676651
123.8369318	20.56845543
123.920016	20.53013941
124.0031002	20.49181847
124.0861843	20.45349261
124.1692685	20.41516184
124.2523526	20.37682617
124.3354368	20.33848561
124.4185209	20.30014016
124.5016051	20.26178984
124.5846892	20.22343464
124.6677734	20.18507458
124.7508575	20.14670967
124.8339417	20.10833991
124.9170259	20.06996531
125.00011	20.03158588
125.0831942	19.99320163
125.1662783	19.95481257
125.2493625	19.9164187
125.3324466	19.87802003
125.4155308	19.83961656
125.4986149	19.80120832
125.5816991	19.76279529
125.6647832	19.7243775
125.7478674	19.68595495
125.8309515	19.64752764
125.9140357	19.60909559
125.9971199	19.5706588
126.080204	19.53221728
126.1632882	19.49377104
126.2463723	19.45532008
126.3294565	19.41686442
126.4125406	19.37840405
126.4956248	19.339939
126.5787089	19.30146926
126.6617931	19.26299484
126.7448772	19.22451575
126.8279614	19.186032
126.9110456	19.14754359
126.9941297	19.10905054
127.0772139	19.07055284
127.160298	19.03205052
127.2433822	18.99354357
127.3264663	18.955032
127.4095505	18.91651582
127.4926346	18.87799503
127.5757188	18.83946966
127.6588029	18.80093969
127.7418871	18.76240514
127.8249712	18.72386602
127.9080554	18.68532233
127.9911396	18.64677408
128.0742237	18.60822129
128.1573079	18.56966394
128.240392	18.53110206
128.3234762	18.49253565
128.4065603	18.45396471
128.4896445	18.41538926
128.5727286	18.3768093
128.6558128	18.33822484
128.7388969	18.29963589
128.8219811	18.26104245
128.9050653	18.22244453
128.9881494	18.18384213
129.0712336	18.14523527
129.1543177	18.10662395
129.2374019	18.06800818
129.320486	18.02938796
129.4035702	17.99076331
129.4866543	17.95213422
129.5697385	17.91350071
129.6528226	17.87486279
129.7359068	17.83622045
129.8189909	17.79757371
129.9020751	17.75892258
129.9851593	17.72026706
130.0682434	17.68160715
130.1513276	17.64294287
130.2344117	17.60427422
130.3174959	17.56560121
130.40058	17.52692385
130.4836642	17.48824214
130.5667483	17.44955609
130.6498325	17.4108657
130.7329166	17.37217099
130.8160008	17.33347195
130.899085	17.29476861
130.9821691	17.25606095
131.0652533	17.217349
131.1483374	17.17863275
131.2314216	17.13991222
131.3145057	17.1011874
131.3975899	17.06245832
131.480674	17.02372496
131.5637582	16.98498735
131.6468423	16.94624548
131.7299265	16.90749937
131.8130107	16.86874902
131.8960948	16.82999443
131.979179	16.79123562
132.0622631	16.75247259
132.1453473	16.71370534
132.2284314	16.67493389
132.3115156	16.63615824
132.3945997	16.59737839
132.4776839	16.55859436
132.560768	16.51980615
132.6438522	16.48101376
132.7269363	16.4422172
132.8100205	16.40341649
132.8931047	16.36461161
132.9761888	16.32580259
133.059273	16.28698943
133.1423571	16.24817213
133.2254413	16.20935071
133.3085254	16.17052516
133.3916096	16.13169549
133.4746937	16.09286172
133.5577779	16.05402384
133.640862	16.01518187
133.7239462	15.9763358
133.8070304	15.93748565
133.8901145	15.89863142
133.9731987	15.85977312
134.0562828	15.82091076
134.139367	15.78204433
134.2224511	15.74317385
134.3055353	15.70429933
134.3886194	15.66542077
134.4717036	15.62653817
134.5547877	15.58765154
134.6378719	15.54876089
134.720956	15.50986623
134.8040402	15.47096755
134.8871244	15.43206488
134.9702085	15.3931582
135.0532927	15.35424754
135.1363768	15.31533289
135.219461	15.27641426
135.3025451	15.23749166
135.3856293	15.19856509
135.4687134	15.15963457
135.5517976	15.12070009
135.6348817	15.08176166
135.7179659	15.04281928
135.8010501	15.00387298
135.8841342	14.96492274
135.9672184	14.92596858
136.0503025	14.8870105
136.1333867	14.84804851
136.2164708	14.80908261
136.299555	14.77011281
136.3826391	14.73113912
136.4657233	14.69216154
136.5488074	14.65318007
136.6318916	14.61419473
136.7149757	14.57520552
136.7980599	14.53621245
136.8811441	14.49721552
136.9642282	14.45821473
137.0473124	14.4192101
137.1303965	14.38020163
137.2134807	14.34118932
137.2965648	14.30217318
137.379649	14.26315322
137.4627331	14.22412944
137.5458173	14.18510185
137.6289014	14.14607045
137.7119856	14.10703526
137.7950698	14.06799626
137.8781539	14.02895348
137.9612381	13.98990692
138.0443222	13.95085658
138.1274064	13.91180247
138.2104905	13.87274459
138.2935747	13.83368295
138.3766588	13.79461756
138.459743	13.75554841
138.5428271	13.71647553
138.6259113	13.67739891
138.7089954	13.63831855
138.7920796	13.59923447
138.8751638	13.56014667
138.9582479	13.52105515
139.0413321	13.48195993
139.1244162	13.442861
139.2075004	13.40375837
139.2905845	13.36465205
139.3736687	13.32554204
139.4567528	13.28642836
139.539837	13.24731099
139.6229211	13.20818996
139.7060053	13.16906526
139.7890895	13.1299369
139.8721736	13.09080488
139.9552578	13.05166922
140.0383419	13.01252992
140.1214261	12.97338697
140.2045102	12.9342404
140.2875944	12.8950902
140.3706785	12.85593638
140.4537627	12.81677894
140.5368468	12.77761789
140.619931	12.73845324
140.7030152	12.69928498
140.7860993	12.66011314
140.8691835	12.6209377
140.9522676	12.58175868
141.0353518	12.54257608
141.1184359	12.50338991
141.2015201	12.46420018
141.2846042	12.42500688
141.3676884	12.38581002
141.4507725	12.34660961
141.5338567	12.30740566
141.6169408	12.26819817
141.700025	12.22898714
141.7831092	12.18977258
141.8661933	12.15055449
141.9492775	12.11133288
142.0323616	12.07210776
142.1154458	12.03287913
142.1985299	11.993647
142.2816141	11.95441137
142.3646982	11.91517224
142.4477824	11.87592963
142.5308665	11.83668353
142.6139507	11.79743395
142.6970349	11.7581809
142.780119	11.71892438
142.8632032	11.6796644
142.9462873	11.64040096
143.0293715	11.60113407
143.1124556	11.56186373
143.1955398	11.52258995
143.2786239	11.48331273
143.3617081	11.44403208
143.4447922	11.40474801
143.5278764	11.36546051
143.6109605	11.32616959
143.6940447	11.28687526
143.7771289	11.24757752
143.860213	11.20827639
143.9432972	11.16897185
144.0263813	11.12966392
144.1094655	11.09035261
144.1925496	11.05103791
144.2756338	11.01171984
144.3587179	10.9723984
144.4418021	10.93307358
144.5248862	10.89374541
144.6079704	10.85441388
144.6910546	10.81507899
144.7741387	10.77574076
144.8572229	10.73639919
144.940307	10.69705428
145.0233912	10.65770603
145.1064753	10.61835446
145.1895595	10.57899956
145.2726436	10.53964135
145.3557278	10.50027982
145.4388119	10.46091499
145.5218961	10.42154685
145.6049802	10.38217541
145.6880644	10.34280068
145.7711486	10.30342266
145.8542327	10.26404136
145.9373169	10.22465677
146.020401	10.18526892
146.1034852	10.14587779
146.1865693	10.10648339
146.2696535	10.06708574
146.3527376	10.02768483
146.4358218	9.988280668
146.5189059	9.94887326
146.6019901	9.909462611
146.6850743	9.870048726
146.7681584	9.830631608
146.8512426	9.791211263
146.9343267	9.751787695
147.0174109	9.712360909
147.100495	9.672930909
147.1835792	9.633497701
147.2666633	9.594061289
147.3497475	9.554621677
147.4328316	9.51517887
147.5159158	9.475732874
147.5989999	9.436283691
147.6820841	9.396831328
147.7651683	9.357375788
147.8482524	9.317917077
147.9313366	9.278455198
148.0144207	9.238990157
148.0975049	9.199521957
148.180589	9.160050605
148.2636732	9.120576103
148.3467573	9.081098456
148.4298415	9.04161767
148.5129256	9.002133749
148.5960098	8.962646696
148.679094	8.923156517
148.7621781	8.883663217
148.8452623	8.844166799
148.9283464	8.804667268
149.0114306	8.765164628
149.0945147	8.725658885
149.1775989	8.686150042
149.260683	8.646638105
149.3437672	8.607123076
149.4268513	8.567604962
149.5099355	8.528083765
149.5930197	8.488559492
149.6761038	8.449032145
149.759188	8.40950173
149.8422721	8.36996825
149.9253563	8.330431711
150.0084404	8.290892117
150.0915246	8.251349472
150.1746087	8.21180378
150.2576929	8.172255045
150.340777	8.132703273
150.4238612	8.093148467
150.5069453	8.053590632
150.5900295	8.014029771
150.6731137	7.97446589
150.7561978	7.934898993
150.839282	7.895329084
150.9223661	7.855756167
151.0054503	7.816180246
151.0885344	7.776601326
151.1716186	7.737019412
151.2547027	7.697434506
151.3377869	7.657846614
151.420871	7.61825574
151.5039552	7.578661888
151.5870394	7.539065062
151.6701235	7.499465267
151.7532077	7.459862506
151.8362918	7.420256784
151.919376	7.380648106
152.0024601	7.341036474
152.0855443	7.301421894
152.1686284	7.26180437
152.2517126	7.222183905
152.3347967	7.182560504
152.4178809	7.142934172
152.500965	7.103304911
152.5840492	7.063672727
152.6671334	7.024037624
152.7502175	6.984399605
152.8333017	6.944758675
152.9163858	6.905114838
152.99947	6.865468097
153.0825541	6.825818458
153.1656383	6.786165924
153.2487224	6.746510499
153.3318066	6.706852187
153.4148907	6.667190993
153.4979749	6.627526919
153.5810591	6.587859972
153.6641432	6.548190154
153.7472274	6.508517469
153.8303115	6.468841922
153.9133957	6.429163516
153.9964798	6.389482256
154.079564	6.349798145
154.1626481	6.310111188
154.2457323	6.270421388
154.3288164	6.23072875
154.4119006	6.191033278
154.4949847	6.151334975
154.5780689	6.111633845
154.6611531	6.071929893
154.7442372	6.032223121
154.8273214	5.992513536
154.9104055	5.952801139
154.9934897	5.913085935
155.0765738	5.873367929
155.159658	5.833647123
155.2427421	5.793923523
155.3258263	5.754197131
155.4089104	5.714467951
155.4919946	5.674735988
155.5750788	5.635001246
155.6581629	5.595263728
155.7412471	5.555523437
155.8243312	5.515780379
155.9074154	5.476034557
155.9904995	5.436285974
156.0735837	5.396534635
156.1566678	5.356780543
156.239752	5.317023702
156.3228361	5.277264116
156.4059203	5.237501789
156.4890045	5.197736725
156.5720886	5.157968927
156.6551728	5.118198399
156.7382569	5.078425144
156.8213411	5.038649168
156.9044252	4.998870473
156.9875094	4.959089063
157.0705935	4.919304943
157.1536777	4.879518115
157.2367618	4.839728583
157.319846	4.799936352
157.4029301	4.760141424
157.4860143	4.720343804
157.5690985	4.680543496
157.6521826	4.640740503
157.7352668	4.600934828
157.8183509	4.561126476
157.9014351	4.52131545
157.9845192	4.481501754
158.0676034	4.441685391
158.1506875	4.401866365
158.2337717	4.362044681
158.3168558	4.32222034
158.39994	4.282393348
158.4830242	4.242563708
158.5661083	4.202731423
158.6491925	4.162896497
158.7322766	4.123058934
158.8153608	4.083218737
158.8984449	4.04337591
158.9815291	4.003530457
159.0646132	3.96368238
159.1476974	3.923831684
159.2307815	3.883978373
159.3138657	3.844122449
159.3969498	3.804263917
159.480034	3.76440278
159.5631182	3.724539041
159.6462023	3.684672704
159.7292865	3.644803774
159.8123706	3.604932252
159.8954548	3.565058143
159.9785389	3.52518145
160.0616231	3.485302177
160.1447072	3.445420327
160.2277914	3.405535904
160.3108755	3.365648911
160.3939597	3.325759353
160.4770439	3.285867231
160.560128	3.24597255
160.6432122	3.206075314
160.7262963	3.166175525
160.8093805	3.126273187
160.8924646	3.086368304
160.9755488	3.046460879
161.0586329	3.006550916
161.1417171	2.966638418
161.2248012	2.926723388
161.3078854	2.88680583
161.3909695	2.846885747
161.4740537	2.806963143
161.5571379	2.767038021
161.640222	2.727110385
161.7233062	2.687180238
161.8063903	2.647247583
161.8894745	2.607312423
161.9725586	2.567374763
162.0556428	2.527434606
162.1387269	2.487491954
162.2218111	2.447546811
162.3048952	2.407599181
162.3879794	2.367649067
162.4710636	2.327696472
162.5541477	2.2877414
162.6372319	2.247783854
162.720316	2.207823837
162.8034002	2.167861352
162.8864843	2.127896404
162.9695685	2.087928995
163.0526526	2.047959128
163.1357368	2.007986807
163.2188209	1.968012036
163.3019051	1.928034817
163.3849892	1.888055153
163.4680734	1.848073049
163.5511576	1.808088507
163.6342417	1.768101531
163.7173259	1.728112123
163.80041	1.688120287
163.8834942	1.648126027
163.9665783	1.608129345
164.0496625	1.568130246
164.1327466	1.528128731
164.2158308	1.488124804
164.2989149	1.448118469
164.3819991	1.408109729
164.4650833	1.368098586
164.5481674	1.328085045
164.6312516	1.288069108
164.7143357	1.248050779
164.7974199	1.20803006
164.880504	1.168006956
164.9635882	1.127981468
165.0466723	1.087953601
165.1297565	1.047923357
165.2128406	1.007890739
165.2959248	0.967855752
165.379009	0.927818397
165.4620931	0.887778678
165.5451773	0.847736599
165.6282614	0.807692162
165.7113456	0.76764537
165.7944297	0.727596227
165.8775139	0.687544736
165.960598	0.647490899
166.0436822	0.607434721
166.1267663	0.567376203
166.2098505	0.52731535
166.2929346	0.487252164
166.3760188	0.447186648
166.459103	0.407118805
166.5421871	0.367048639
166.6252713	0.326976153
166.7083554	0.286901349
166.7914396	0.246824231
166.8745237	0.206744802
166.9576079	0.166663064
167.040692	0.126579021
167.1237762	0.086492676
167.2068603	0.046404032
167.2899445	0.006313092
